7.167912
2.747058
1.629461
5.905876
3.450056
0.298932
2.470877
5.925644
4.863535
4.257331
2.044166
3.170134
5.486161
7.744584
6.347051
3.483797
1.633005
5.223617
7.913865
7.571226
1.178693
3.212822
2.215538
1.273308
1.939259
3.494933
5.469611
-0.414281
1.734987
10.438590
3.081799
2.051104
5.173904
1.492837
6.232682
0.907444
3.234745
3.364467
4.873980
11.064736
2.193111
3.220235
7.580641
0.099096
1.844837
3.319904
0.791583
6.397753
4.594451
3.867207
-0.069067
3.563551
2.577768
0.784151
2.725036
5.498279
4.884840
6.069206
2.171128
5.592729
3.409101
8.135691
7.227288
2.027077
5.726866
5.236050
-0.569397
5.067729
3.378364
4.079936
2.267515
3.939020
0.097220
-0.136818
3.436785
4.183888
1.885337
5.952686
2.617791
5.540070
3.609934
5.644469
4.371621
3.797577
5.841943
4.305391
7.054028
0.789396
9.350156
4.999281
5.238384
1.476617
3.569825
0.638869
2.547507
3.096930
8.244782
0.878693
5.751328
4.094731
4.422883
0.069574
-0.830276
6.191693
3.354485
4.234291
8.430934
11.868935
2.532450
5.257242
4.159869
4.676874
1.881527
1.861098
2.748806
7.873515
3.166135
7.056679
3.694858
4.719390
4.184973
4.675908
7.162780
5.652133
3.242855
0.888356
1.098822
2.697458
3.557570
0.032029
7.129195
2.507012
2.133212
5.396782
3.204903
5.099533
1.705260
2.716288
9.262564
2.337230
2.848167
2.091158
9.133066
3.792664
7.768732
3.329246
7.465684
4.937233
5.013146
4.960849
4.910249
0.609023
3.760695
1.139346
4.306261
4.850435
2.852287
2.988667
4.670035
0.744633
4.359225
7.468731
0.289517
3.728177
2.150314
4.281977
5.786580
1.856780
2.691697
4.457965
-0.109273
2.360766
5.525833
9.023414
1.600185
3.716495
3.344478
4.939911
3.514998
6.833425
5.379778
3.977163
3.843855
0.182712
4.391448
5.221757
2.905404
3.985250
-0.633663
3.380125
3.086547
1.267787
-0.188325
8.346598
4.970606
4.648916
3.825828
5.786930
4.816618
3.837165
8.325448
4.135949
0.668242
6.865925
3.112476
5.087022
1.445062
1.646365
5.896493
6.915830
5.243768
2.348180
5.649331
1.457686
2.444619
5.143977
3.467259
5.121924
-0.360559
1.739233
3.555067
0.769207
3.118830
-0.332733
3.335757
-0.535567
2.633763
5.057692
2.458057
4.027487
1.572499
3.345476
3.482340
-0.606977
4.084869
5.287118
4.330882
3.659337
2.812944
3.243032
3.937736
5.500759
5.303840
3.359323
1.403207
4.939061
1.277877
5.042928
5.389429
-0.040390
6.643193
4.470079
11.724805
2.395455
5.159250
2.166832
5.740319
2.082736
6.077455
2.827390
5.984811
2.506102
6.604002
5.816481
2.622803
2.285714
-1.118818
6.712009
3.285504
7.620973
4.090340
3.342052
3.385699
6.633234
2.751943
5.043613
1.767881
3.697501
0.449603
10.355127
3.337678
1.692578
5.214315
-0.719643
4.643503
3.562537
5.440518
1.539029
3.571361
8.665179
4.033833
4.669011
1.401850
-1.377856
1.373664
0.446503
3.560113
0.293442
1.756836
6.735730
5.546999
5.785633
2.668775
2.245062
1.944079
6.807979
2.924204
3.809174
0.479194
7.500408
3.340089
5.710948
-0.293278
7.281245
4.925853
3.940998
-1.067106
4.786243
-0.613434
5.356427
2.871063
1.907209
3.423204
1.786260
2.912532
6.508047
2.270860
0.298714
5.574600
6.216325
11.974225
7.207184
7.705922
4.768390
3.818407
8.473409
7.583753
4.777776
6.751192
0.029919
3.320046
5.755424
3.440654
1.384856
4.074388
1.650130
3.273886
2.611622
1.854082
7.557645
3.686518
0.556870
3.445890
0.317998
7.877423
3.699160
5.093407
1.233093
5.696527
8.477349
3.474652
7.104581
7.690543
4.455406
8.883938
2.432707
3.941850
2.934566
2.773577
4.384380
-0.133434
2.167923
1.319681
5.767376
3.647912
6.503621
1.549051
2.224691
5.545291
0.480223
-1.213042
-1.526028
3.074698
2.603610
3.367305
2.337383
3.804242
1.772097
5.185550
-1.439749
2.071866
4.244904
1.761443
1.014098
2.720875
2.462780
6.042079
-0.066272
1.057861
3.733918
5.304288
8.977122
5.518217
1.864482
1.254938
2.644400
0.505597
5.208484
4.005872
5.084391
7.200235
3.622262
8.764616
-1.024534
3.325980
-0.193225
2.227716
0.814939
1.749593
6.352475
3.221514
5.460055
3.320522
-2.660000
9.349134
5.711362
1.016641
1.597867
2.025806
2.681900
3.533973
7.293458
2.164981
9.141580
3.064206
0.514246
1.432918
1.179491
8.865888
5.446403
4.354333
3.951958
1.370014
3.791753
2.874879
5.749616
2.350457
5.301475
4.590100
1.944698
7.549334
5.213325
5.641588
3.351891
2.514469
7.223653
1.558201
4.244174
1.501094
3.132549
4.910495
3.810719
3.644632
2.024327
6.251734
2.445021
-0.021398
2.812569
3.233517
5.382008
4.068832
3.031900
2.851624
6.121151
5.836446
5.609217
6.224193
2.231226
4.325971
3.837949
4.453619
3.840951
3.319461
5.428530
1.071954
3.459844
6.046817
3.349843
7.293786
5.465385
1.863100
2.429769
1.625358
2.850085
9.259764
3.084597
4.259453
3.433848
2.339199
1.976900
2.026708
2.958225
2.931709
1.750379
3.562648
4.658125
5.615482
7.354365
2.022847
5.615392
3.818657
6.458080
0.255589
5.868594
2.826684
3.268892
8.738162
4.265756
8.519514
9.211222
2.398191
2.522304
7.889170
4.717473
3.432547
5.643927
3.508703
2.845912
6.849654
2.112262
6.351136
5.944286
2.049015
4.080609
6.462312
5.691348
4.641964
1.381759
3.426909
9.257688
4.518988
7.228929
7.446407
4.824489
0.288767
3.095619
7.714293
2.448114
3.901493
2.992323
6.814956
4.627021
-0.164871
3.418012
3.666717
2.672698
7.045450
2.286250
0.725004
0.611712
1.450084
4.683313
1.552656
3.808391
5.774807
0.487090
4.454157
0.262660
6.628683
5.520020
4.072112
4.307905
3.245318
12.715870
4.181016
8.422118
3.983844
2.601090
1.575584
1.445000
0.877285
0.334142
5.253260
0.916192
4.225838
1.951673
1.895296
3.892452
3.841957
1.508561
3.403978
3.534115
4.481234
1.557315
4.159660
2.395270
-1.380374
4.382992
12.030240
-1.548392
8.940737
-0.047713
9.298181
4.474801
0.086770
4.018320
3.401736
3.167895
5.643551
1.760315
4.363061
0.799553
0.027531
2.741437
-2.490550
2.675129
4.444051
6.909309
2.057485
2.584457
4.061830
7.196355
1.712987
2.962499
3.718277
4.252377
2.346722
4.052165
6.464866
1.168426
2.557716
2.038537
5.165761
2.475304
7.500999
0.091368
8.524327
5.449532
5.361287
1.109145
7.303699
1.207395
1.459677
2.012147
1.567783
1.631376
8.828021
6.924851
5.133598
3.797267
1.276160
6.814254
4.321354
0.505226
1.792906
2.318490
1.069948
6.445177
6.020751
9.793551
2.728111
4.117328
4.263633
-1.356799
8.724751
2.876431
1.423139
4.976783
0.875320
5.571892
6.163684
6.944609
8.663891
3.628981
3.645359
4.416045
2.972170
5.371522
10.144360
3.435083
8.005165
1.396950
6.569780
4.107456
1.035149
5.633115
8.523076
4.517568
3.295506
4.675395
3.186889
1.704354
1.644902
2.417663
1.551019
3.245293
-0.839881
2.491255
2.745612
7.019565
2.481837
1.372929
3.079816
4.649002
4.309826
0.998510
7.394578
3.648830
-0.558590
3.565954
4.891035
-1.952558
3.055280
6.396766
4.435955
4.881605
5.482341
7.411621
6.955486
2.885958
8.064222
6.577466
3.827217
3.555037
3.124086
2.394961
3.654884
2.474873
-1.415826
2.958114
1.056518
5.936017
6.783819
2.585195
7.394874
4.070297
6.387167
1.617524
6.119848
2.139185
3.292258
1.499077
-0.444319
4.017784
4.835060
0.681557
2.831790
4.949927
3.137085
4.216800
6.583407
1.284535
4.570239
1.573060
4.422698
7.391174
6.912211
2.830517
1.501514
9.509159
0.536829
0.961178
3.387001
3.170402
3.137223
0.115998
-2.562190
3.795618
1.016553
1.948749
-1.630401
3.719741
2.023872
1.084696
1.270619
3.381228
4.061917
2.352332
0.954916
1.417123
5.591853
4.777290
8.981727
1.022051
0.966278
7.389672
3.537564
1.629950
4.015890
1.847202
4.490011
3.005617
1.935630
5.216471
4.812146
1.570219
7.735652
4.383663
7.158449
5.664917
2.473146
1.382936
8.689758
4.958944
-0.424868
2.360297
2.921922
8.184850
-1.163252
3.180798
7.617058
7.337952
5.115064
-1.540648
1.147270
8.645277
4.792868
2.945544
7.298370
-0.941494
0.252527
7.201963
4.363814
1.772965
2.839592
4.831071
0.689079
1.814665
3.798413
3.441961
3.864031
7.182140
7.409258
3.757354
7.319416
-0.975855
2.207518
6.335604
4.388560
6.443511
2.596229
1.029833
3.551696
9.664170
2.846272
1.097381
3.804249
8.424139
7.014566
3.564141
5.482776
1.790652
3.806851
2.673911
2.855324
8.112203
4.344512
2.673850
5.255165
0.708975
2.326332
1.594002
2.431532
6.547343
3.715732
5.835877
7.686254
3.755344
-1.761348
3.900442
3.212106
2.476507
0.810593
2.230766
8.145867
0.047223
1.926652
4.884977
6.524199
3.278096
4.580681
1.686581
0.889838
5.474228
3.837471
7.690165
3.757175
2.565502
5.071145
8.614592
2.350361
3.050584
5.475930
3.536600
2.672446
3.665017
4.970912
11.876865
2.467619
0.030971
3.359249
6.348306
4.673657
2.092408
3.774769
7.957351
6.245872
3.332312
3.898543
1.408988
2.949698
7.106569
1.981469
2.789790
9.632907
2.150563
3.483179
6.236601
5.460438
1.095735
2.054518
5.902269
1.400686
1.384816
2.840171
3.559215
2.298484
4.840126
3.588688
-0.369853
2.058774
3.294914
-1.022930
-0.418455
8.189789
3.193767
1.676839
3.233014
2.179282
3.178920
3.087008
5.947441
4.011959
4.817509
2.111979
7.043786
3.083147
0.187655
-0.069820
-0.421616
3.528672
-0.579487
3.570150
0.630501
2.278300
10.779941
0.275329
7.886927
3.119902
6.261662
3.889786
1.404522
6.196788
3.401774
2.856957
3.008996
3.269358
1.595246
0.314456
8.517158
9.380765
2.371047
1.131475
-0.726244
5.318584
9.144037
4.054972
1.113124
-2.290305
4.224041
4.240171
4.430196
5.135899
6.263260
5.454162
1.820561
1.534419
5.754903
7.679083
-3.090621
3.791719
2.370989
6.353903
-0.433004
4.861801
-0.092700
1.850041
2.905240
1.328974
1.717262
