9.198284
7.664071
11.589013
4.773281
2.235321
5.552075
9.908010
6.460954
11.528939
11.219377
24.082922
12.045149
10.171992
12.122992
8.481270
13.984277
5.950811
3.465543
2.052062
12.252493
13.674737
9.639545
12.397136
5.217372
7.581067
7.837184
10.671249
5.355707
4.582007
12.402508
14.528480
8.989155
11.213235
3.953445
8.457827
9.314089
12.476024
7.671604
21.474052
8.531165
10.281135
6.844770
5.136538
11.063621
5.406119
10.338863
3.533217
11.890418
9.798899
8.942462
17.598458
5.531296
5.443869
9.602082
10.996280
8.427357
9.339442
8.575124
5.480868
11.474887
17.331990
16.401366
9.743613
18.275897
9.889791
5.127630
14.134585
13.998366
9.730538
6.307445
8.902143
4.099650
2.802920
7.895328
11.495897
11.663148
13.799717
4.626000
4.849080
1.958010
5.682847
9.828215
9.822134
11.634386
7.859843
11.407920
12.819056
17.728539
4.278687
9.663736
11.900738
8.783796
1.712250
9.304214
13.304249
13.177056
10.490474
4.896408
10.993817
20.739660
3.780222
4.717534
6.189119
3.835967
7.920976
14.290221
7.131448
9.963986
4.849559
6.895927
12.215884
9.077013
13.560684
15.411323
18.646689
6.255972
3.713214
11.533028
2.947591
7.894779
8.649702
13.737215
3.197364
6.874741
16.344755
7.202421
14.795614
12.708398
8.257089
10.125071
7.331156
14.679782
9.056187
9.867354
9.576960
5.245187
8.543308
11.803625
9.763054
11.463378
4.109605
11.549901
4.819675
16.054003
7.345081
9.721097
6.558961
9.996469
15.119787
6.855266
16.613177
16.715327
11.222980
12.518014
5.104505
3.993696
5.235957
13.314384
12.544215
6.707264
7.140200
9.361346
11.674391
3.700289
13.448278
9.913029
2.753346
2.328724
10.102806
5.903741
11.200236
7.526885
9.402277
12.544258
9.693834
14.279413
11.192568
6.848125
9.375443
9.214738
2.274283
4.657909
3.109422
17.585706
7.872020
12.776686
11.261488
19.602786
7.842155
6.460194
13.349808
14.228410
5.713274
12.488118
7.139021
15.091674
9.833534
11.748074
13.908913
9.818490
9.706613
13.017598
4.195702
8.160313
14.398488
18.333928
11.828697
16.266103
14.879685
18.183497
6.596439
6.160280
7.630679
12.608305
9.946784
4.309478
9.256768
10.413943
5.106463
10.966160
6.510825
14.745272
9.443314
7.149545
5.315429
9.817514
3.963257
17.398862
11.817457
6.262736
3.744549
11.052706
12.038187
10.348561
15.126120
8.180258
12.876109
13.519449
7.607407
15.377204
8.447300
15.090518
5.469407
5.773906
9.086561
6.987041
12.451490
9.988351
3.809647
2.353491
12.940188
17.801274
29.585284
1.668569
7.722863
14.210489
15.508069
0.162539
5.126552
7.926107
12.507617
8.367770
7.502022
1.046737
9.033392
15.429474
15.215363
3.115222
5.511942
12.073731
9.013534
9.203386
7.400229
14.463974
11.276327
12.981964
17.688977
9.258592
10.321846
9.268114
5.163555
17.225434
15.565472
13.900043
5.772421
7.386551
3.429025
12.932401
14.060998
9.207782
4.652731
5.801124
5.819325
9.706262
14.465486
7.965180
8.235066
7.550113
8.434334
14.566703
7.613840
8.459762
8.818443
11.307704
12.792367
12.886632
6.146691
9.531566
9.856351
12.767323
7.662259
15.580880
9.819468
8.996866
2.098280
8.125448
5.398152
12.100348
17.213830
18.087946
6.124347
12.715928
5.663734
4.634279
12.594606
6.754839
15.017383
6.806230
9.633295
3.739779
10.226306
8.218531
10.453170
15.847453
8.851084
8.368040
7.524681
4.819353
15.763877
9.921485
10.043672
4.431697
13.986045
14.627375
6.290681
15.694284
4.651363
7.620643
14.005527
8.534468
8.277949
10.982273
11.079488
11.184025
9.572455
5.177690
12.370403
6.102065
14.666856
10.549599
5.613705
14.005868
9.842052
15.672644
6.783324
9.214637
16.723069
3.605849
3.301578
9.786867
14.221960
3.516771
11.783595
8.812953
9.146093
11.232566
16.153928
8.708503
8.422482
1.785571
8.270719
19.538922
14.325626
16.319585
6.477162
11.986732
5.016085
6.991360
11.241743
8.354928
4.032363
8.084461
14.673674
10.683840
11.780546
5.113518
15.749435
19.333896
20.294889
14.110201
3.545265
5.922168
9.030090
4.023432
9.038353
16.221559
12.785216
14.857219
2.294949
11.864488
12.533438
8.899646
16.219913
14.858674
10.961144
5.756214
8.538238
12.446529
14.095304
4.481850
5.799009
6.109858
6.508163
11.819038
8.938569
14.161887
17.257863
16.853824
5.095891
6.019611
6.663929
8.132046
6.878459
17.972606
4.815927
10.359905
14.008029
10.477942
4.363114
13.452983
10.803340
9.518659
2.617396
10.520047
5.099148
10.927518
17.429761
11.874349
8.317199
10.664588
13.023382
11.750119
11.707928
6.725430
13.746905
11.612107
3.746448
9.178372
14.100852
9.063529
7.932605
6.208136
12.123368
9.788322
4.486472
3.545945
12.570834
4.378039
14.632885
10.773459
13.137688
5.643219
4.952776
8.587204
9.823188
12.869759
8.698513
6.360770
4.658132
5.332159
6.290960
6.653047
14.936220
8.538504
5.905656
9.555237
12.271766
9.735425
9.079653
10.880649
7.793714
2.846877
11.979824
9.275493
5.587520
8.098821
12.178541
14.765153
9.852472
8.207946
16.162306
11.180847
6.325524
7.111454
5.824078
15.388264
15.706589
12.910893
8.455326
9.357322
11.825208
2.774710
11.484926
6.480910
5.655074
9.265935
6.177357
8.238817
8.279155
8.437669
11.677762
7.461393
15.898692
3.759659
16.425697
5.224857
9.136388
5.307898
8.507072
5.941345
4.976784
4.706235
14.093866
-2.159251
3.187405
11.848182
17.802585
7.400155
10.883883
11.684381
12.553134
9.223825
15.612954
7.279736
8.962023
5.126277
8.839852
3.283660
8.737249
11.362434
20.495014
20.172601
11.775331
7.014606
16.153638
7.088246
9.584578
22.845346
11.330117
10.292904
11.675487
12.591434
16.001501
9.367666
13.524137
6.456158
10.309863
17.134566
5.002545
4.517205
5.473553
11.263711
16.799994
9.090740
8.196531
8.327389
12.300734
18.551703
13.487861
7.928302
6.395866
11.024183
5.423515
3.831471
10.690859
14.617638
11.874775
7.936813
6.696998
3.024837
4.452502
12.514467
6.156269
12.766891
8.223745
13.888746
8.397036
7.034908
15.853889
9.648425
3.938596
7.497223
11.864982
3.989690
2.565887
13.855329
6.734171
4.435419
6.847927
13.590133
18.052420
6.930056
8.785688
1.950524
10.688440
7.954873
7.550157
3.838651
11.245938
3.338246
2.516105
4.748422
13.023851
2.478143
4.834023
9.435629
5.057512
7.341885
7.221096
4.885938
10.171120
14.645035
8.416374
6.241615
1.575432
8.335661
9.728513
16.757564
10.520627
7.832225
10.512248
3.915704
13.836561
15.868234
11.726135
10.635198
7.855014
7.752237
5.329015
10.474213
10.773761
11.619305
5.012452
1.672952
4.647671
10.475852
3.320469
10.506359
2.781057
13.916674
12.889484
5.839340
7.788419
12.243720
12.370452
6.035646
2.361265
5.792622
2.239837
12.730437
6.019296
18.427254
6.604022
10.620192
4.303182
12.296619
15.249176
9.616308
18.382523
9.254192
8.106339
10.997042
11.598554
9.710782
9.311297
13.227879
13.584866
10.276937
12.076899
8.667649
12.411142
7.169061
8.991155
14.252829
15.593797
3.349425
10.425753
7.009002
1.369715
20.616238
7.049827
5.063885
14.593474
9.235526
12.926716
5.534018
8.594640
6.317625
6.441908
11.543515
5.879711
9.396495
0.879473
9.710188
7.702220
1.957224
7.780470
7.037697
16.459284
10.630015
10.966392
18.581509
5.930463
10.447518
8.098618
2.619783
2.113500
11.515590
7.560154
4.556230
6.473020
8.950907
10.092948
12.081804
8.961170
6.739522
22.132553
6.341572
7.200340
13.769576
16.794798
6.392746
11.487113
21.988461
10.994032
15.197216
11.062248
13.773480
5.159088
7.625575
15.313089
15.331225
13.191512
8.334473
5.645369
5.171717
10.730246
10.116960
23.781097
3.264345
11.783740
3.532567
12.803483
7.108714
12.080882
11.775140
17.576315
8.242896
8.607942
7.512850
2.474758
10.771716
11.097036
14.407191
15.041769
11.350062
11.943900
-1.316735
5.719597
8.639217
16.444366
5.017593
5.136830
10.789136
15.203443
10.117315
18.036124
10.901898
4.023275
2.975547
6.890050
11.478654
8.318513
5.712432
6.662762
14.515457
1.388003
17.258995
7.068288
12.318517
6.020081
10.089663
9.764322
11.052942
0.906471
8.572659
17.610653
11.484653
7.048985
3.285309
9.229524
15.137204
15.769204
9.472601
14.414294
9.235565
9.748237
9.372798
13.193641
5.572269
2.028015
10.169224
3.855038
17.615758
8.677961
4.436691
12.189374
7.730280
12.301681
4.694647
11.473929
8.544409
17.835221
5.090150
11.910786
13.710463
4.277150
4.736646
9.037629
10.306869
4.341072
12.813016
8.280626
13.733482
6.043040
5.148137
6.758922
4.347044
4.859142
9.651956
5.604832
9.884507
9.137628
8.604356
14.191211
6.623822
10.754847
12.092254
12.712183
8.253208
8.363056
11.808751
10.061987
15.534480
9.132433
7.471423
10.876949
10.926922
11.461800
12.378262
16.749187
7.670210
6.535119
7.080916
8.998751
3.617186
15.124024
8.877648
3.795881
16.455636
11.251769
14.247393
3.925780
8.329574
5.956691
12.131332
9.128562
3.923009
16.672641
12.324884
7.126048
7.894115
13.217324
14.009390
17.343790
10.386592
8.075014
10.047696
8.336658
5.789939
11.094550
11.272163
15.610673
18.939465
9.345767
8.197745
4.735621
4.852001
12.543069
9.843681
8.059845
11.146078
11.820103
4.504128
7.105943
6.343832
4.442933
8.534815
10.125913
8.635032
1.145924
8.026914
7.415958
14.159953
10.564057
5.136698
9.451891
11.192901
3.665907
8.280139
10.631883
14.463401
7.961911
3.483866
8.264160
13.738716
17.978024
9.096286
6.938689
4.421659
4.005145
8.791362
12.240754
11.346098
8.331183
10.993931
10.359692
15.377375
12.648527
11.557869
5.114934
4.940151
3.175662
10.824597
21.047055
8.165675
10.756298
8.574599
10.860811
12.631532
8.971187
11.097787
13.123604
3.085514
11.504306
6.506374
5.081442
7.111554
3.296809
12.349316
10.800040
5.420992
5.412425
6.690766
9.948087
3.807768
4.008069
7.731104
8.626059
1.003279
9.223718
11.326686
5.876024
5.341970
11.076092
2.426868
14.682604
7.021738
15.913397
15.872089
-1.979052
7.263706
7.141111
11.007190
6.356303
15.994392
10.953057
1.920824
13.231137
7.213158
