11.576342
31.303954
50.664956
107.878654
45.800191
40.599640
79.020381
23.117049
70.238433
45.506173
104.577045
79.823573
108.147232
38.412003
52.097915
73.786678
31.436640
32.399059
50.129680
8.661624
36.715509
15.008358
70.023290
42.206190
26.716322
45.550799
103.610925
79.796130
26.200256
3.293388
62.255309
41.707615
44.563717
47.126110
22.472601
10.874425
52.126721
49.082929
25.670504
39.169958
21.013795
21.072049
119.622691
72.093367
57.238483
41.486262
48.994207
20.831790
27.032914
72.974310
86.941726
41.763189
73.866543
10.527873
101.955136
39.423161
103.174183
33.013856
120.326862
55.000640
73.496297
54.744723
49.364372
15.430306
28.210864
2.254237
47.672949
36.944983
112.939780
80.270535
83.378952
51.588634
61.313569
61.969152
96.287663
25.897669
49.033541
32.714433
106.324968
57.001862
88.438897
96.016328
33.374195
87.813663
47.356138
62.913117
53.400864
65.418580
18.711095
61.091084
67.304889
39.858521
18.634382
86.603368
74.699753
35.100129
80.757332
29.958946
41.461966
45.811848
47.213250
48.939408
48.324250
78.769824
50.743810
30.289022
53.758538
50.862300
34.549513
152.902744
40.440407
23.820422
120.114223
71.279316
66.342032
72.969109
69.230508
51.789728
37.901758
35.560147
59.872353
64.066613
28.320374
53.167137
54.300838
7.561584
68.229811
79.412328
93.373928
46.953246
8.982421
70.625129
85.967327
61.253486
55.460573
35.647773
60.405253
16.013329
118.339383
49.485837
42.223125
73.890052
105.430925
28.136442
80.470399
20.998729
51.140906
6.186719
31.636401
34.910516
35.241979
60.133911
76.104943
43.617166
40.498400
71.505335
47.370944
66.661320
25.797449
23.762793
94.900182
38.037985
49.604970
35.229176
22.995337
85.127686
89.616391
29.589716
57.284164
72.096626
59.179363
65.960105
87.532045
37.666645
61.588172
65.127715
105.113032
74.763339
51.994162
33.342891
55.082147
87.467600
63.620436
44.177895
61.005939
38.943085
33.845833
53.104077
3.412780
33.907149
34.895859
82.655894
34.619870
39.999545
60.589792
14.884603
38.295082
4.414609
94.163568
20.546858
79.057871
40.913285
39.178100
29.655166
46.750768
42.794045
99.732098
89.546806
45.606784
49.603732
72.266222
43.217709
60.230052
68.302088
66.311168
50.247922
24.771110
40.463209
120.715897
73.739464
29.039242
22.983590
93.886750
60.886693
75.660463
97.771959
24.200345
92.374370
16.123484
66.116627
34.253207
78.560687
47.693921
34.934724
33.724630
84.158103
14.866732
49.593291
49.973191
14.192153
57.136730
53.130269
56.833690
123.243556
45.594572
135.917599
59.917405
103.703555
33.897838
102.878792
70.373454
94.071224
58.347123
39.734704
34.772026
20.727858
93.225262
38.745351
36.987100
32.515421
57.211120
69.054142
52.021088
157.543588
81.530149
54.244620
54.018079
64.141950
45.093478
15.314464
70.167897
54.488262
65.234409
64.517106
54.390792
85.014877
42.057690
46.225998
20.342648
9.531140
59.732534
44.358913
50.324644
8.204650
71.250644
84.472100
18.663125
19.112105
41.035782
32.510344
45.194188
38.341118
81.274791
20.729503
74.862927
125.792645
128.520529
52.131580
77.498661
23.704902
51.886264
42.534574
27.310794
46.705081
37.764983
116.873132
129.574768
50.466914
60.049290
55.429315
60.654332
44.544543
25.080689
62.214404
32.755351
86.387013
66.789246
99.826847
64.151379
41.971108
21.068828
75.746805
28.474577
50.196823
76.980290
88.861178
73.566885
101.121042
69.825519
20.237240
27.138750
50.251661
17.819294
27.168947
21.669187
117.363657
21.597661
25.439405
65.368353
28.803209
60.224526
71.233197
69.739562
38.959204
41.448535
67.429808
76.009911
55.092813
43.356246
20.998400
77.299975
81.669798
0.577115
37.744036
57.749115
102.325541
37.239376
44.460135
85.753166
39.714555
70.953685
64.761609
26.600707
48.080247
42.047210
46.214868
78.676387
62.661324
41.866338
60.535423
24.132919
18.004338
40.125635
44.747995
60.658606
117.026962
16.865205
35.734640
65.852933
131.287861
40.450587
60.650641
80.042154
14.860019
53.652148
83.489867
64.001687
64.190819
48.194309
69.475612
57.838922
29.731263
41.232067
88.443145
59.139290
18.466552
51.734619
59.300744
25.573449
56.192447
21.826904
32.484187
31.572938
52.263994
35.481379
11.632038
22.161268
116.938594
43.654023
25.938584
67.903385
27.019721
100.936789
50.894021
65.920292
40.660108
21.134762
57.026180
63.067164
49.428046
83.350714
34.640944
51.549842
12.257474
33.861858
55.836599
70.757966
62.906656
142.071245
70.182381
27.616667
84.480256
45.398133
70.255745
39.579148
49.822306
56.282763
41.624524
42.664755
36.038398
49.103801
61.246962
51.620190
31.077285
10.158060
55.131444
94.072702
28.092873
63.843718
54.743385
55.095303
61.415472
39.138587
36.684575
53.667069
68.594528
56.230667
57.533522
86.932489
72.369980
31.631177
39.715274
56.629342
76.958762
-2.712925
47.428905
68.207606
81.107561
58.490209
134.630887
53.956080
73.778313
39.138770
51.305459
43.327563
94.919143
59.640760
36.751611
27.847045
76.062869
56.069775
33.294344
34.486496
85.848704
85.730219
9.944168
38.102684
40.772595
46.051327
54.405413
120.391916
64.849948
70.074692
15.252539
46.098788
133.494151
58.186445
34.803685
88.161504
2.719514
133.491263
67.853669
54.858576
45.365020
39.803292
24.440725
36.643153
40.411138
47.451136
57.648138
31.144537
43.579223
37.892887
87.340614
22.633107
38.550836
38.777280
58.354808
52.751428
44.767475
39.970679
39.608673
112.337541
47.306572
42.514184
35.798730
77.041469
23.406558
57.819343
27.827665
71.094818
82.315282
9.339722
38.855583
89.289870
79.396318
27.601590
35.718565
48.059443
85.242970
18.979664
20.335943
11.109468
37.675463
26.049689
43.293718
37.789391
15.652425
59.453682
43.189853
26.445622
56.263472
44.111061
87.367475
50.336299
5.196250
11.773452
59.662347
86.668806
49.737188
109.491894
72.832327
103.060025
58.907919
38.156177
37.986594
50.819620
10.057804
19.855260
54.437903
38.758933
79.246213
44.952888
61.556025
-6.660946
105.267472
119.787380
36.236725
60.635096
111.816186
72.369782
55.000777
76.126710
68.204515
18.753137
53.375487
44.993728
108.562816
45.135959
65.365729
49.263170
24.322732
22.708468
61.578661
79.935558
23.546761
23.174227
68.577354
21.091654
119.837238
47.575781
103.026182
64.901858
64.121299
33.035767
43.912304
55.525077
59.788758
86.353216
16.851135
87.484897
62.283443
51.744689
39.270635
38.859807
77.567011
55.453872
31.023186
3.608605
58.665610
92.476800
104.924532
14.043694
66.091447
46.076190
19.325981
4.809340
15.979799
96.608784
50.179828
44.916012
35.331656
35.018549
90.301924
138.335935
62.540874
58.949078
31.761113
12.560828
17.693876
141.705704
59.160009
57.478639
65.331453
62.748628
70.441011
53.873579
21.955937
66.859292
53.342252
6.465307
27.342554
50.216972
65.255964
18.960682
73.427390
66.112335
2.082095
8.460793
29.616954
40.899049
32.727367
36.790272
41.646182
21.676293
46.346996
107.652757
32.083252
70.664987
48.344907
28.985031
26.809969
90.444757
37.353701
102.902627
49.025552
22.033534
35.319901
39.098556
51.045712
76.858818
43.428149
28.637479
13.851970
108.119223
55.860384
47.929019
37.489147
44.299768
67.240751
76.465176
45.976888
14.194442
59.379953
61.206473
90.877275
72.471114
91.520566
83.951869
45.853067
39.095622
20.571479
36.151188
65.018443
54.530761
49.276672
36.733153
57.413593
39.723679
38.859099
66.834826
52.863684
47.500163
57.298902
51.632902
21.660862
1.008227
60.458913
33.734722
78.066524
68.067951
33.211124
54.047774
67.656955
40.223852
19.506800
63.270032
61.977590
108.080959
61.962594
50.677655
72.586783
55.662243
52.575708
35.732584
13.246307
45.750223
62.512585
41.828517
52.921105
56.537028
28.719396
56.022307
88.186929
64.377300
37.191275
41.555836
93.648864
81.729178
26.697605
39.466348
28.730689
103.366407
39.900027
103.278508
29.699682
66.546486
32.701610
36.453215
48.492227
40.894132
72.323244
27.338583
36.074498
52.296760
57.520588
90.730989
94.165121
15.861517
100.859648
75.551463
22.302071
82.748118
32.204931
81.650376
64.031391
21.772183
34.904183
37.848039
8.822443
55.411083
48.330761
85.267108
38.928521
42.289947
25.386410
35.937093
65.525590
7.039648
10.534515
60.323334
29.857603
44.486272
54.846702
76.640410
46.800336
105.626348
67.858371
65.766151
103.498963
22.863098
49.689428
73.066475
6.161355
82.131250
50.777914
26.699542
80.520597
41.943351
160.077507
45.387471
59.994578
52.556018
-10.811196
45.296888
28.743227
76.599926
62.005271
63.092688
38.156217
28.789476
42.309224
129.873925
74.488279
39.969028
46.186576
71.120828
38.062347
136.306981
26.253982
35.272152
60.659156
78.298086
76.347594
7.174205
59.111106
48.338320
89.683728
32.132889
54.313789
44.391465
55.692124
75.474315
55.952113
71.582670
50.076099
46.831174
107.788591
78.076386
61.045456
32.709610
53.793664
57.802581
39.118023
59.983986
-0.844735
27.355333
25.240379
99.807480
59.373097
42.944009
118.027658
44.070880
66.591004
54.143387
102.505264
57.085830
41.707310
37.864568
77.748340
4.474249
40.088275
75.206012
11.250686
32.587186
111.468101
27.145665
51.407360
27.593314
85.824415
25.685851
62.373679
42.485514
46.308864
35.704212
41.083956
21.867673
45.232678
74.781831
84.813994
67.731497
5.835717
113.525206
10.320134
42.799505
115.081233
18.277117
37.188630
46.185311
16.350095
11.805620
67.146167
70.713583
53.072148
31.145466
41.934208
66.274151
49.285232
18.270076
64.672773
14.366419
69.416619
96.810454
84.366203
51.793139
53.520296
16.740631
64.228964
77.600901
11.727499
49.074755
74.497626
147.493413
0.176023
31.686744
62.714997
23.463782
29.993049
28.229787
92.045734
15.176995
88.784483
94.270960
34.084616
56.687550
29.863155
62.648524
57.483426
22.608412
60.856849
22.727819
32.975366
91.047221
72.289431
27.783368
59.043186
75.615510
35.468753
69.264088
71.806860
79.116430
34.782191
89.278077
32.569721
76.422078
67.282457
50.073188
74.189060
33.858459
86.238518
76.911159
50.102822
37.401023
50.001175
62.777895
19.256920
106.576892
90.409544
8.634445
31.864960
94.912198
15.294423
73.982731
110.139587
60.086301
70.055792
61.550023
54.565263
7.668680
53.687900
52.093388
78.057386
36.800856
45.873441
30.105189
54.824803
28.095107
90.528301
51.647909
64.917554
31.977706
31.678465
60.080328
64.956631
37.268324
34.153721
10.808352
86.944478
72.531623
89.869215
