17.333636
32.606502
56.723485
8.163602
18.391364
41.401750
65.095817
90.150628
33.862954
67.424366
62.357324
68.689866
39.028013
49.764118
96.705180
0.798457
76.566743
99.106877
54.958187
37.112165
36.912209
63.829426
40.070562
74.520743
60.848418
82.105819
26.153324
40.305050
42.094059
107.363918
90.399269
67.807455
51.302390
73.851151
27.186677
75.281808
61.525952
63.657498
78.885237
35.054636
64.110051
75.001325
94.484663
87.070013
57.496299
14.875963
52.136127
83.887353
72.875146
58.212656
93.881900
77.107148
59.566942
41.142518
104.740226
84.802070
32.949443
25.523578
31.553534
19.449940
67.453398
41.363495
1.967655
112.230984
34.103805
42.550446
68.331945
84.481133
63.064314
78.735304
35.000158
46.753340
46.787929
139.410242
56.562318
28.043284
98.883360
54.914060
102.684429
65.121653
16.743565
62.897107
11.200752
15.419163
61.605552
45.572069
72.372012
38.966112
83.918518
51.601184
110.859377
1.969251
62.956212
13.680651
57.076579
63.953676
4.132042
96.895499
30.487155
49.500283
109.580721
38.873708
97.498586
44.419542
37.595290
41.302086
61.383935
53.918865
56.643315
69.361119
60.715565
32.683627
107.044393
58.819406
36.079122
33.436206
53.148845
111.945652
39.570196
81.973887
55.630784
94.116552
-1.859367
78.815472
69.088971
9.645326
55.141582
47.437748
54.498467
49.571478
71.601547
59.456110
95.797326
76.723128
9.754125
63.856327
95.856347
94.622460
41.370525
32.649223
109.323858
-4.550543
16.829154
74.861840
171.198077
61.356552
84.968333
83.616859
100.529224
82.534915
57.639961
17.848412
83.428979
30.436230
90.464020
15.798714
100.894120
22.571143
35.542833
104.398505
42.442646
7.137676
96.100159
92.652726
56.629683
145.523840
74.487008
128.858697
71.254912
26.468654
57.113563
36.009033
90.860007
117.473092
88.445737
56.775725
75.149081
31.041702
104.470161
40.837706
32.039041
116.770458
27.705546
79.894620
20.391469
68.808548
53.604633
30.560004
39.375758
25.728866
66.364804
107.874988
79.709987
81.622898
19.272290
52.995456
77.018946
77.534782
75.442710
63.914965
79.074785
135.051628
93.052571
71.968843
34.567118
65.108782
85.584697
66.006057
79.675641
69.313565
83.998351
123.019419
36.908658
83.974295
73.705465
26.738715
-9.146685
40.402512
61.324153
48.589504
22.277615
106.056439
27.200007
9.196263
13.404748
67.777076
63.219914
28.178317
94.412885
111.993235
54.155844
54.118178
58.517871
78.348826
51.186420
70.800078
23.348069
85.244418
69.081177
37.073217
37.843467
85.396098
78.019837
56.618837
41.289697
14.044118
50.947066
94.168129
68.899935
111.237196
78.138195
63.578376
62.284012
42.830849
48.970800
57.866471
71.601499
78.329914
89.396469
85.210950
45.150476
40.698091
85.070994
65.635737
91.784661
17.044071
112.112497
13.506712
84.799921
70.161749
47.493920
56.218267
16.905202
72.971529
71.651644
14.804387
63.862176
55.358260
104.879282
18.045163
34.893992
65.187055
74.460062
51.454801
111.951739
97.873179
55.164572
55.948108
69.908282
105.146280
19.905440
84.491844
31.472720
71.876134
59.930923
18.084585
54.083821
61.489690
53.321156
20.442647
72.928852
87.886505
66.633051
57.386849
55.334198
94.495503
49.547041
45.920411
64.024091
33.129441
41.899124
59.287372
73.070956
57.938802
42.219200
32.650365
77.474994
58.891089
73.001884
14.598274
39.481852
1.971144
56.117467
68.245331
19.801961
55.450373
20.218883
25.110329
48.907201
27.240796
92.739761
93.328324
38.997651
165.787578
32.375925
23.760455
58.644480
83.773935
74.444954
8.768461
66.718040
38.410394
93.437907
11.599818
53.772287
45.973277
60.228476
37.765032
41.689943
42.197192
49.898341
140.960154
61.609251
42.445466
68.487823
44.768481
93.141700
60.138881
66.327496
80.796440
27.365909
46.767463
48.217941
18.867822
50.852168
37.437427
62.470381
65.166220
60.220504
136.062472
52.082969
69.693394
56.018259
34.859033
67.680312
38.480189
55.775789
81.596863
62.107678
91.269675
75.007886
26.879565
41.816626
64.399496
24.630639
31.049144
61.669329
89.813564
35.988116
55.162797
54.913004
92.214262
68.592026
40.355827
42.483519
49.950273
87.856075
59.262060
86.273826
41.110041
82.511798
68.566028
93.556105
50.626842
95.477962
52.488950
13.859165
106.114216
87.857621
71.666714
22.669640
42.201833
47.498623
36.802007
114.840018
32.402497
14.445741
58.603321
7.042728
32.619827
41.267198
112.508437
22.199477
30.862856
25.227333
89.557047
66.645639
54.966597
72.103923
83.847322
50.029068
38.289026
67.199230
36.422943
104.047954
51.741196
59.465932
92.481767
42.258045
84.893588
33.812457
58.205414
69.897410
56.585264
77.635613
93.052272
59.206797
81.556166
10.191957
63.364174
55.352587
82.530054
-1.658406
86.237436
73.330423
35.326917
40.477879
23.860816
65.460224
132.396717
79.057325
82.484069
24.261761
68.018934
75.459778
98.470777
59.921085
120.248274
65.663619
94.525714
68.629319
62.557240
59.418514
44.097559
0.155710
114.967877
10.875498
96.294961
43.359188
75.035158
70.511790
34.892675
54.372594
40.795636
74.878816
22.480020
59.444313
109.527898
110.480885
47.602959
62.974708
62.772664
85.960168
46.787992
61.331781
13.734095
57.215547
32.386338
81.359418
43.118688
47.300646
72.706469
43.710586
69.718873
43.827564
71.657003
68.520253
39.499408
32.838938
26.069223
105.785049
127.649238
82.238687
43.716547
68.024197
84.739945
49.231167
7.800237
93.957037
92.484853
72.856391
6.713831
41.195762
29.042462
87.276903
49.327051
74.000188
40.126579
57.061149
34.414386
102.153847
56.652406
130.234334
16.670299
67.586918
65.643491
68.518994
116.537318
37.120320
40.245178
72.729988
22.401302
92.937549
64.171623
113.354521
54.996180
88.505847
79.444197
93.540291
34.190788
30.615494
88.779533
52.833906
95.684227
87.008036
37.156227
43.271685
45.447691
77.872058
90.756413
8.159693
68.832927
10.481610
38.822238
70.279627
49.524610
81.542601
54.772402
49.079871
30.114386
18.718813
44.478000
61.822115
79.775164
96.517161
74.344841
80.339918
24.716703
90.876361
45.033842
52.361179
158.135559
44.861101
62.103096
74.636374
18.968182
57.441981
43.345321
11.139995
25.614812
64.650768
66.433896
40.888530
47.832182
49.396270
63.631021
49.772759
45.913458
100.979791
67.205988
24.379680
143.852741
73.997380
65.971347
100.561332
36.478239
28.622269
33.799926
56.389780
41.085336
35.526989
77.763200
21.782599
120.721520
67.773850
29.905445
45.825378
35.185283
78.368267
63.005938
40.562758
71.793374
113.574730
15.593386
66.905913
33.697856
77.756950
82.132502
19.988009
58.061750
56.909501
33.838980
42.022116
46.153509
33.103059
53.564156
58.108865
49.040647
29.276540
21.497228
93.687467
58.988920
67.253129
30.468841
21.345516
80.293053
57.726486
51.443883
44.487480
32.454408
29.230889
34.518871
45.597135
47.684311
68.752015
37.341342
19.782818
72.896500
91.823802
73.202166
102.993288
70.052107
68.488147
46.084721
111.833018
17.813105
34.811941
17.479644
72.344971
33.102205
67.927918
85.726454
67.130821
65.334684
4.052881
57.303935
88.432904
85.309006
81.908245
33.652479
16.388121
69.822563
116.629641
40.560410
79.626502
77.143688
33.642854
25.840630
105.400280
59.246529
39.302372
40.326983
62.166714
32.721071
43.443806
105.350001
57.034717
21.144636
108.507640
197.461375
42.556889
54.771622
11.202720
47.182716
66.815458
54.400649
14.331828
82.991087
80.560615
71.872792
75.353943
105.510310
63.196757
3.703910
43.636304
71.021165
88.462998
56.193546
65.552001
55.766299
32.564570
58.863960
74.560210
12.458627
50.542470
54.189798
24.958597
62.906641
114.177574
25.050902
91.330809
47.615801
114.576534
28.766464
27.259974
39.443469
25.278024
85.581795
87.456936
80.984623
46.631687
49.830639
57.614086
25.735153
57.754084
113.952167
35.592516
100.944959
37.275156
108.508124
32.493280
35.421445
110.913549
136.014590
58.931138
34.685513
79.045457
63.474356
53.679661
48.715435
54.641552
54.507520
55.111926
94.255948
50.544445
47.894793
50.010318
42.046272
88.150022
119.683263
59.448068
53.827635
44.892039
30.380847
53.478712
74.110856
72.946452
56.780164
58.699977
40.505196
108.870180
40.866845
23.551911
48.217268
67.091344
83.085379
115.867278
69.018474
41.005970
74.364872
53.767183
29.255650
69.495812
27.115066
40.126067
77.339800
57.415490
62.595791
73.414738
71.131363
59.402832
40.669955
82.512978
54.471700
56.774053
45.066015
82.317216
70.142193
66.367737
12.401192
34.686158
37.417368
87.487931
72.968864
60.192251
96.522783
53.805180
55.865840
27.527846
33.604303
44.249147
50.857029
71.119418
49.848997
51.443786
38.719102
153.886315
57.586165
115.462218
62.000353
83.632027
92.258377
66.681410
22.811833
42.356822
87.018817
86.359322
86.165180
24.342776
48.665249
134.033309
121.555622
62.588317
25.270212
69.561463
121.508785
32.465933
86.621421
80.581966
122.651700
52.503260
89.459075
66.016066
48.718139
78.010394
122.140661
43.738873
109.697444
34.260454
94.786088
85.607469
104.032146
109.911576
62.952992
75.743710
85.714019
70.363095
42.448675
17.844928
29.311992
33.577402
65.186020
34.508436
98.906961
71.917784
77.076554
134.924368
13.612179
74.475010
76.543961
93.190648
54.314857
85.208155
62.324403
71.268840
71.086001
63.727996
49.706739
49.354514
24.351800
83.296471
19.540794
62.194009
23.168567
66.769351
-1.210582
90.575129
34.007683
79.795972
30.619638
63.879856
93.854351
68.403458
57.922577
54.473308
76.206082
96.327657
49.378772
22.197915
47.773354
81.253192
13.281406
88.099912
60.725954
83.623139
58.574138
93.048908
49.755958
54.874880
46.439519
68.554998
52.470824
48.200288
73.651510
105.418478
51.493164
134.118487
108.355312
61.656598
77.206324
69.978226
28.786667
101.940202
18.770509
48.870118
123.770661
65.727540
-5.495304
67.591417
30.490467
62.766639
44.012036
65.560776
20.626362
82.450253
54.728532
59.193930
21.621105
41.630801
86.921220
49.357277
100.744494
68.578100
28.722774
67.616806
78.105025
36.534071
85.124510
57.284411
82.092672
51.144275
100.542661
98.189586
110.041870
80.072408
61.224383
26.816998
39.126168
20.835921
119.734493
51.620705
72.246937
116.500359
39.355508
119.122380
68.242429
0.714729
102.417300
84.589435
41.181076
67.909109
50.566268
42.742414
114.868780
41.759938
86.190232
48.119223
75.993714
74.798045
68.965942
14.215702
12.302304
39.484353
26.564427
64.220282
65.703356
138.621629
14.364274
12.222476
65.899933
