46.599069
37.539845
89.247127
45.259379
27.124320
60.926460
50.005964
65.331218
101.863946
83.150463
109.710248
106.097135
34.701455
93.466267
44.833132
57.665153
88.095000
32.423094
45.031027
73.538338
118.952465
77.213938
147.616292
17.925350
26.039737
40.125292
49.982496
34.672639
42.043297
58.492194
44.367036
99.027106
76.381558
65.129220
40.293768
91.212363
83.554204
55.399028
132.617848
98.108694
23.499653
51.424222
33.954357
63.520742
38.941873
45.600351
66.781366
46.848223
66.679637
66.608562
83.015191
26.930436
12.189722
92.771283
82.293644
96.450468
36.782753
75.709501
16.801519
95.319791
207.402328
115.402788
67.258014
114.262559
115.454220
59.766534
76.439202
219.226436
109.523626
6.529840
37.946390
58.001864
23.744340
14.901915
56.219712
70.176444
115.109300
24.020044
32.659148
38.412080
55.338480
36.098799
58.414947
53.064971
126.672596
59.587993
86.159014
104.567266
82.547559
117.734016
99.768449
71.850545
49.760879
92.130958
85.394762
83.434484
49.518957
32.914291
90.521294
108.502540
118.643127
31.789445
84.660150
74.179387
86.037586
49.624422
28.369959
48.578876
6.330016
61.072687
102.772767
51.959288
102.865887
122.019957
84.063443
70.669864
70.795047
39.994344
114.257330
15.739283
60.388682
82.032436
3.896807
60.431219
52.051219
43.098211
132.132963
121.444305
61.374939
40.327057
45.605803
102.897787
26.515501
104.105096
98.190296
47.576048
86.566061
144.420841
43.277633
72.250585
12.317954
56.500410
37.472527
67.079160
113.862404
101.513336
82.373398
56.648607
69.386010
31.234966
91.260630
95.130669
47.160582
74.163967
15.446745
47.221207
74.249758
155.398135
33.888235
76.450996
97.786264
10.017143
62.322524
58.922539
76.085029
60.584779
24.571750
30.177169
42.390976
42.262960
50.541044
56.007141
44.984293
43.194491
88.152715
94.915138
39.602531
23.858610
49.499257
0.506128
52.349525
62.349265
44.723492
72.961043
40.277175
72.154685
78.641632
64.666303
84.582564
27.576506
42.020381
81.741969
90.624870
63.704556
3.030192
89.980293
41.613387
75.164790
25.652358
89.336927
71.115889
115.510892
93.985644
73.436931
97.838474
107.534885
111.199407
69.570254
93.190660
136.093045
81.461136
64.718072
-3.051976
88.054734
111.969417
84.801894
50.986347
79.754671
28.397067
101.801794
48.527469
87.978868
113.333530
77.510613
72.036263
88.757674
21.684169
138.490918
54.467875
69.601103
42.799893
50.389258
36.985289
38.043360
65.247223
57.595486
81.381017
80.169051
121.224220
47.832977
76.622607
122.055187
22.307715
51.263097
65.685288
64.090098
57.514032
72.719149
91.216218
44.773489
42.898943
83.582151
176.802125
45.768387
38.541275
56.471205
41.876287
-7.652449
23.951562
67.678046
75.118628
46.241461
51.300837
22.465722
64.735959
137.744259
60.292653
42.882811
45.030510
10.076635
59.711160
65.668733
54.068348
88.518513
63.182800
100.326155
75.704246
26.050145
135.233705
63.957160
35.175582
91.261786
128.765731
43.422408
43.402409
27.541029
39.684280
46.416299
43.020990
56.313127
93.735473
32.220552
137.505254
51.982212
55.146171
52.714486
55.868781
33.532626
6.291905
113.813500
66.891476
40.800493
56.544262
29.056467
38.158064
109.423326
48.348324
49.971863
68.708780
64.447148
41.339961
62.956319
104.613974
54.294560
29.549857
52.998764
105.140505
50.604197
64.574645
79.860488
64.959395
67.601569
37.173700
53.565581
145.804703
39.831968
48.160315
50.695151
30.320709
36.560715
137.429607
54.837660
85.303158
72.579708
142.920677
89.323544
13.116007
68.242235
64.549936
102.560053
78.903314
76.904613
117.469981
82.626441
59.458680
46.368625
3.343670
53.963950
94.871115
67.768656
141.647032
100.005739
70.078794
44.311252
93.334224
36.245619
84.862705
14.602339
103.352270
46.291840
117.750634
80.254924
56.031564
67.643986
39.738695
85.734040
52.974172
32.520097
13.553578
35.744550
68.679745
60.648019
42.830949
49.407347
69.771706
26.977113
66.301924
119.313548
81.475112
0.474500
40.569480
103.387405
91.459994
64.293169
54.830202
63.748650
45.488098
58.284174
117.291354
57.887095
86.322807
9.339051
77.539801
127.015927
41.646701
33.014865
35.834502
89.460468
112.414433
72.642733
11.062316
15.834982
90.086876
81.395212
34.943317
100.371252
104.537255
65.265949
24.678823
81.383482
43.664610
21.749564
110.081034
60.785724
107.392162
3.900393
37.316853
81.292649
69.519496
77.272458
79.537641
33.668132
66.564951
46.658889
59.569075
74.625092
101.852707
100.834558
37.820298
8.696111
160.464038
104.751316
93.247742
64.757668
18.726120
72.023597
57.549658
112.766834
58.437522
22.334008
108.702825
66.656994
48.983485
70.705479
10.415399
108.658448
115.845852
67.910459
37.995449
66.939966
66.328569
61.465973
97.129495
78.042588
122.620787
104.105829
28.446871
53.673878
81.115817
67.494984
26.193363
77.995337
82.507207
47.376840
88.882399
24.317532
51.433238
68.635519
56.455124
71.990547
106.427506
82.623170
40.716972
27.902180
106.748303
115.780445
102.230802
77.115379
43.709559
34.142247
88.830665
3.686258
97.015971
77.501377
100.928712
36.457633
72.337374
62.831115
56.933887
60.162209
69.129717
89.183567
74.309554
36.361949
63.511944
42.433624
25.591127
96.041748
59.314392
80.685325
34.565279
97.514171
90.821180
71.026145
81.769631
124.908794
44.693627
109.626909
73.896688
93.012660
94.419193
18.337903
133.239829
57.981613
43.164887
55.937980
2.000900
51.544680
49.068408
44.355825
83.888104
37.317664
97.663524
27.094548
46.956385
76.747717
48.658177
1.205706
77.417999
15.861647
47.047259
68.479537
104.488554
-7.744275
55.113892
44.601702
129.828126
127.896967
43.152514
74.322838
109.893957
34.581886
107.846727
30.617975
62.479673
86.127640
70.626603
17.382071
62.968552
46.366844
80.470109
77.831080
86.453425
14.056669
100.444051
35.384617
66.453295
108.980247
97.728228
42.330864
43.485459
35.976296
116.380269
50.121546
110.725070
19.559659
65.636477
49.099630
11.366912
4.266214
53.324294
77.385585
76.708442
48.791473
52.827657
53.731715
72.974538
104.251126
94.714737
80.628684
25.556356
72.784753
39.922720
26.416861
81.662132
71.078081
144.077649
35.367462
52.678711
27.786266
48.349409
65.792539
51.801508
67.404085
77.447600
141.740120
29.348837
64.708652
66.939416
104.437241
12.145547
13.772139
132.248025
45.578022
44.997673
59.731384
51.461144
58.887446
84.757947
44.774319
94.856345
1.712447
18.858965
55.776512
111.877150
52.985182
102.765753
12.734567
100.573042
36.448455
44.083471
34.133563
64.094722
55.948568
74.436929
68.718577
133.888973
60.178753
21.359228
5.624721
50.939841
62.254526
80.217503
80.178894
64.482560
4.455991
68.094374
79.909353
95.776949
23.444447
64.513252
28.450248
30.533910
67.828452
73.968955
86.746162
77.168001
62.968175
37.829932
30.470521
146.561336
87.955175
66.995266
-5.326406
22.753213
66.766259
57.979813
99.006742
30.814249
39.381424
59.202994
53.280721
53.574783
31.548970
91.101893
79.912097
4.208409
12.217650
51.781723
105.586522
33.082199
103.042675
113.829201
43.903200
24.747872
66.662510
105.516021
91.012259
91.921679
83.819831
77.331893
87.438113
78.022801
22.999429
90.246726
113.997328
80.718874
125.235474
59.391752
47.991785
65.715204
34.552972
94.560602
57.095461
84.133085
44.200974
31.654800
59.623548
-3.170643
75.120749
46.927582
72.987751
51.153688
64.784949
42.775279
54.646904
88.222582
31.356459
35.839649
32.641542
36.935435
42.778722
51.526342
38.952734
42.078763
20.303149
44.236953
113.306232
195.146154
63.546902
52.123486
92.508208
11.369098
99.517013
98.409714
28.618231
65.103007
71.004258
49.455254
30.982705
124.626416
79.861664
41.380697
124.700941
42.435144
39.795095
138.350382
35.166419
29.020282
201.480625
76.564250
48.312107
90.149658
120.814447
64.569148
76.673223
142.369430
94.721955
25.507444
42.689907
83.150299
50.443654
121.083562
74.412896
41.696512
37.313476
162.884449
61.104833
122.961744
20.058278
54.271284
44.001037
71.764656
19.337403
83.329921
53.776397
121.568629
47.899069
23.072086
9.182881
25.064465
49.425728
109.625603
94.352620
99.898522
83.866004
161.279682
68.615102
16.847832
24.687962
80.346300
68.195402
57.512513
65.012070
55.934856
62.500711
104.935799
82.268920
46.922544
45.687740
24.636021
74.314772
56.106195
49.079055
61.068955
60.800531
20.488016
25.782894
55.434021
89.336287
37.925887
29.096965
142.621231
55.342326
49.234447
92.692933
110.342496
85.449400
65.322266
13.579579
37.340922
79.602059
112.877053
24.999592
41.186400
72.918656
114.771705
58.280974
31.844677
79.710500
36.026311
18.151595
51.794829
145.279835
71.190762
39.664872
26.415955
44.661890
29.011391
43.037007
58.657176
33.353310
45.046958
11.097259
51.652306
70.357198
40.893277
67.704981
26.275298
102.005500
29.020931
84.331078
22.229124
100.348886
33.564784
74.707780
23.960356
20.296487
39.384480
77.058264
27.207674
34.384419
96.937821
65.730763
76.235976
92.442857
57.940007
130.409664
97.489742
44.201525
63.109338
73.569667
83.733707
97.091098
39.350614
87.301448
100.056634
61.766334
95.243279
38.816904
106.180335
55.168150
32.066685
71.472819
132.153814
20.678923
45.016815
90.622994
38.847161
104.671495
59.981515
106.797517
34.224792
22.468963
80.092481
54.688261
51.212204
11.861742
96.084808
26.767549
35.691239
66.544156
70.864286
40.481526
67.655967
64.508881
100.742432
75.981959
54.882854
36.253289
67.294653
127.471363
63.855822
97.513777
68.302777
99.881706
-2.735554
62.804052
53.453558
26.045802
143.363897
68.260805
15.292327
135.268763
88.704119
99.876135
66.465753
63.276438
74.697405
92.534570
23.236738
74.015464
45.111945
83.892412
34.024477
66.307638
65.801128
75.320507
35.306040
84.527142
66.079976
52.134218
23.269138
55.120422
47.042434
103.557679
106.992793
39.191663
15.852125
22.387766
20.978968
93.525342
57.567011
53.866629
41.905743
67.917305
44.805440
54.808037
59.728398
122.439226
34.649213
48.631530
6.637840
56.658988
117.098692
107.855950
45.770516
85.381351
31.531540
65.018405
69.470570
61.780865
72.636107
41.346670
135.244330
47.516635
55.515505
63.272904
50.509970
45.073078
22.403993
45.720699
47.316511
104.482111
90.345524
67.243930
28.481466
40.684251
48.464165
44.684086
30.496541
90.208323
92.479234
37.132266
91.192278
33.034277
91.364805
91.993055
91.784345
124.369770
21.346966
42.605842
63.903497
103.521429
45.204057
55.507195
20.884745
92.667505
101.298553
90.022855
