4.412876
13.631780
10.346450
12.341585
2.791605
18.966752
7.033839
11.556020
7.137090
10.578848
8.464262
12.529494
3.776763
17.487419
11.213869
8.981949
8.871604
16.010682
16.368833
10.536363
18.109054
8.524411
8.844418
11.324702
2.534128
7.580930
9.724592
2.719790
14.338003
5.865946
13.730183
14.388562
2.756391
6.453814
8.736159
8.503403
7.398690
10.856705
7.404708
16.913091
9.727375
12.571797
2.029539
9.535605
12.599418
2.651826
12.277462
5.899669
19.246312
8.797303
6.438792
6.958810
7.497828
2.420719
14.003724
9.948971
12.716527
14.761470
6.481941
16.060245
9.887489
8.846407
11.209712
1.482865
8.282772
3.822603
14.314524
7.304296
9.656506
15.253356
9.416458
13.405597
6.763507
1.282489
12.687837
6.348324
13.319681
9.058018
6.039405
-0.837142
6.200462
7.429724
9.602447
1.099935
11.269424
21.212483
8.570344
9.699555
4.119212
10.413681
8.057541
6.353015
8.389496
16.362621
7.362089
14.337682
7.277136
6.842577
4.380503
8.172062
8.179738
10.726945
9.017316
13.691613
10.663883
7.050955
10.197844
0.954925
7.308543
9.865871
6.595667
6.741998
9.372660
6.216680
-0.936495
17.663104
10.413789
8.432319
8.328907
8.730199
7.677763
6.753958
9.846969
10.130872
8.149283
12.957609
7.765560
7.957355
8.309118
3.230695
16.129343
1.165323
6.219324
8.556438
12.633019
9.677554
7.810494
12.856672
5.353789
9.009885
4.497521
8.315098
4.844856
12.070714
7.130467
9.054195
13.239088
8.465937
16.945979
17.366497
11.370853
2.868692
9.741971
5.782535
10.995397
15.859855
15.180103
10.584891
11.398002
7.222724
11.671330
4.930083
9.696624
6.065091
7.853636
10.229194
6.151060
16.962811
4.259646
10.130258
7.583722
9.196078
17.934065
7.822839
8.973443
9.625686
16.338291
11.257712
8.757440
7.202990
2.759394
12.995466
6.876526
5.627580
7.679590
14.454149
14.224165
6.559854
7.250637
3.862975
9.067780
10.000456
8.802844
8.464756
11.162691
11.631963
16.676133
25.277817
7.909620
2.379326
4.686908
1.900911
12.290176
3.075241
5.990399
17.639664
12.994414
8.842579
16.398412
12.650786
11.671668
-0.738503
7.779969
15.889641
2.238183
9.680310
4.214817
14.662398
6.754748
11.846430
11.053397
12.996024
9.773591
15.102365
10.653632
18.835192
14.902835
11.235473
9.168623
8.144894
11.563409
7.429005
4.823950
19.680453
2.912798
13.370791
9.195076
9.720670
6.200207
0.691101
3.986340
8.808309
6.429297
12.199260
11.105293
8.675522
19.692411
11.618895
16.514505
8.024530
13.498370
9.729878
8.648453
4.176698
16.112540
14.632530
5.532675
16.833781
1.335909
9.646900
3.986851
7.106790
13.009087
9.906181
10.632468
11.646915
6.894368
4.431384
9.470717
7.573108
12.351352
15.137402
10.949300
9.011428
8.789768
6.932364
7.398289
11.299016
8.663017
12.817032
11.792448
9.176623
6.480684
7.708126
5.138643
14.886433
10.156747
12.028401
10.263765
6.444159
13.882084
14.800562
8.175432
-0.038250
8.828255
4.784343
4.856503
11.741059
12.649337
10.088655
11.172279
7.270226
8.301734
7.801358
9.833835
9.650104
19.162095
4.063730
14.280008
7.467301
5.639197
11.245372
18.504001
14.722859
13.225705
10.272472
7.349112
13.465701
5.612133
13.669123
7.630351
18.355857
6.340426
7.970837
8.475121
10.250533
10.029661
8.862467
13.860109
9.515158
8.309823
2.808650
14.085032
7.460509
14.151649
12.002787
13.712527
16.830992
3.742922
14.282674
18.687923
5.942360
9.109646
14.043733
14.875444
9.574019
8.951426
8.169896
11.730513
6.591897
8.325331
4.762756
10.428729
2.019872
10.709798
9.738643
10.525341
4.159182
9.633950
3.277633
9.478186
16.560497
8.497206
5.963893
17.137262
10.469382
8.279735
11.574834
4.374169
11.070792
4.016758
13.493112
5.544944
14.265281
7.814779
6.934454
5.939399
11.314656
7.573274
11.706668
16.453716
12.021973
2.625776
6.218117
7.008558
5.145271
9.007455
17.298081
8.835636
7.916385
5.257862
6.347494
8.786572
13.805825
3.490772
3.423951
10.035775
10.655890
10.408472
4.778962
7.948300
7.306805
12.250897
15.814229
5.647821
4.782215
17.644363
10.239740
8.705307
11.105398
5.458040
11.007295
4.026762
10.369929
5.640804
13.519940
7.953808
22.226801
5.413537
10.677518
8.388962
8.319352
3.959095
7.239128
17.934668
8.331241
8.349644
3.469675
9.038215
11.370591
7.846247
8.889576
6.463522
1.013850
8.174416
7.629194
20.609416
12.466058
7.003387
17.669744
4.576553
8.293048
14.548652
15.684130
7.509759
7.869151
14.497000
11.343115
5.660878
8.536262
8.962408
0.796900
21.517215
5.987238
11.723769
13.704031
13.834633
10.962627
3.144390
16.806710
15.613138
3.749576
8.336658
16.284286
11.321756
6.243249
5.496829
16.071832
9.720553
8.432376
6.003675
10.243954
6.568729
8.001387
17.056484
21.146860
10.225132
7.358751
12.790596
17.506044
6.552588
8.918516
4.312418
1.964367
7.162087
0.715876
8.573059
11.129055
10.001154
7.774179
7.200441
15.319014
11.738606
2.977512
5.492794
7.059743
8.986174
18.081810
11.396190
1.000159
13.244333
11.149222
7.539093
8.807040
4.603029
10.916366
5.146772
20.094047
18.886703
9.852865
17.155987
13.308981
1.258602
6.735992
11.414766
16.003342
14.386060
9.360224
12.721513
7.753010
11.381242
16.948784
13.529387
8.084001
4.986657
6.592943
9.279620
15.637883
10.885945
3.739553
6.299131
11.811400
14.938175
5.547425
11.411860
10.990013
12.865432
7.311855
5.962194
5.556726
4.791220
5.381859
14.287033
7.143501
2.607971
8.746469
17.942604
19.792720
7.189369
8.155029
8.887521
7.619308
10.885534
7.998670
6.807536
15.176529
7.608637
17.181154
7.093302
17.415695
3.401284
15.429982
9.368545
6.967902
12.149447
14.348754
12.088084
15.464706
6.043849
2.671031
9.981753
15.001552
4.956842
9.818814
6.959038
6.309041
3.688893
4.917311
10.030799
8.387294
5.437315
10.710031
-0.101029
5.484172
13.079010
11.375651
6.760241
7.404400
11.789100
9.956037
3.409001
11.450675
11.240766
4.880060
9.542460
5.693942
12.133032
3.996924
5.578673
15.015373
0.304208
13.083540
7.941168
2.349499
15.467135
4.518490
4.188173
7.765166
7.298693
8.629879
15.548504
11.964420
4.527965
17.903058
9.751824
11.187145
8.813783
10.539872
8.588381
12.712754
15.069328
8.128409
7.764627
6.079200
6.404799
1.511586
10.993466
13.730216
17.285671
14.917460
8.021891
1.943634
5.450555
8.936913
8.173388
9.118720
7.104135
3.566811
-0.647369
4.237038
7.480257
8.314805
9.891616
15.236427
20.521224
11.182473
9.561783
11.218569
5.527937
9.069510
10.090088
10.058161
5.409802
4.005068
12.035180
4.248335
11.180318
17.533877
15.342950
11.294100
0.753196
9.129190
9.053634
2.803993
16.397020
4.778562
13.847130
9.180269
13.270985
14.548186
2.579776
6.428936
2.518585
0.714485
7.171020
13.607832
2.147718
12.496985
10.326103
14.968829
8.421927
17.936141
11.431839
10.194224
5.463664
14.257445
19.435943
10.950204
13.306740
5.872067
4.556589
3.956743
14.827261
8.841866
10.626487
12.723533
5.413004
5.913361
14.216029
14.443312
15.176276
6.690036
8.402747
9.601312
12.755865
8.751064
7.652362
9.126752
7.056985
13.257152
7.350187
11.465733
6.196140
6.716412
6.233062
17.352003
10.862490
16.000504
11.313055
6.274893
8.293156
17.485061
5.153979
8.462632
4.333709
13.606808
10.887314
21.056905
11.891963
7.089385
11.331871
9.193435
6.197249
5.523664
-0.669688
2.610465
8.266275
7.467705
8.490443
6.823861
10.704303
6.803964
8.646388
12.410651
8.767833
6.371445
13.064696
11.669653
4.107610
8.711223
6.531286
7.346142
11.494932
12.035579
4.301798
9.457697
9.057977
6.972647
8.936374
4.445456
24.155267
4.892828
9.985994
3.435301
8.137055
6.030855
10.086081
11.287673
15.034870
7.002903
4.936523
15.722179
6.116403
8.852123
11.178445
11.886982
11.042181
3.919141
9.449351
6.908551
11.149172
12.568649
3.554156
3.389417
8.371198
7.354076
14.908297
9.831596
16.182120
4.071595
9.119620
5.897031
7.116868
11.136132
10.057830
10.665132
15.997842
4.178206
7.257071
11.728437
6.849455
13.983682
8.914478
4.468359
5.622248
8.459887
8.332962
10.544336
7.609030
6.530460
5.586404
6.816263
5.722005
10.170410
18.072425
8.648133
10.711949
7.181912
10.703110
2.091923
9.516321
11.827908
5.879327
6.783498
12.355958
7.783391
8.730392
8.735078
4.138599
11.865993
3.142907
5.704476
3.260198
7.220471
11.101468
8.220159
6.046214
11.318004
9.837299
10.238908
15.767803
9.492065
11.759988
14.972306
4.361809
14.681376
4.677483
15.913903
7.237679
15.177885
3.443016
9.483289
9.678253
10.623883
6.516589
5.104250
6.652354
12.213767
11.191438
8.979422
15.547219
4.703790
15.524648
0.945225
7.785058
16.782380
5.405472
14.328888
8.784790
10.656005
7.221725
9.394503
6.593245
14.659657
8.050148
16.111597
11.726461
14.791626
13.500742
6.906318
7.904348
6.621453
20.574996
10.693021
11.068501
16.447226
11.954062
5.161682
10.331407
8.569882
10.766447
14.633759
16.234216
3.087502
5.017489
7.173271
5.685440
7.402691
13.630324
11.809924
15.494420
6.820832
8.558537
9.137955
9.291151
9.031280
14.624549
16.521636
14.624151
4.896669
5.746020
8.357480
11.143482
16.289801
18.482316
8.268903
10.993269
10.813474
10.860193
6.771062
11.410913
8.584447
8.066718
12.723907
11.181241
4.241499
12.240879
2.158501
2.799539
3.662562
18.288739
10.638317
1.017566
19.080550
15.900967
3.622723
8.023908
7.342599
5.969491
15.522993
5.893189
4.087129
10.701838
7.669599
8.895540
8.818605
13.466344
14.203403
12.406460
8.739292
11.740904
8.531227
6.604547
9.605204
9.695395
4.910161
15.144023
13.226396
6.155408
3.003276
8.479552
11.857627
4.649312
14.857440
5.136186
9.347289
11.443443
10.686514
6.904075
11.973710
11.327206
8.988864
15.634434
12.149093
-0.310060
9.673165
10.285744
7.050746
7.865455
14.288929
18.671776
8.592320
9.093588
4.612477
13.056222
11.740852
18.109374
6.140007
11.518601
1.922053
15.694117
12.754869
9.097792
14.616093
5.352330
6.738527
5.856363
12.649945
6.560869
10.592860
