99.408834
92.746870
38.556130
208.701001
61.937619
38.087409
69.803870
70.678638
16.941386
44.626180
16.999057
137.461232
95.451505
117.511593
64.035469
46.956448
76.045569
102.141154
146.904603
79.559275
100.095916
51.401649
136.739706
154.960518
49.313062
57.526750
88.709977
78.946850
75.632104
76.102491
57.476173
77.895843
59.259269
100.805846
87.956147
76.717325
92.184786
67.582147
30.384270
22.185635
85.655002
89.751195
40.532213
59.745326
65.964507
52.720054
-7.836375
119.097588
85.274332
87.976318
54.984168
37.044380
53.543542
68.328510
127.477469
95.489853
102.245858
38.531436
143.667901
62.914150
47.612177
94.932581
81.910554
64.192839
36.859257
60.561813
123.601811
64.373728
48.714542
108.365637
104.411953
97.395173
175.365382
79.221978
66.267353
77.540416
86.155077
92.209608
70.959356
31.775725
113.977089
79.663409
67.767032
143.614133
99.890624
105.289258
109.874552
117.756774
61.985851
36.688700
138.941648
91.543230
159.627256
56.746588
165.122324
67.388851
64.030855
91.271101
88.544219
104.448879
113.572610
45.873883
141.619245
45.029056
51.520537
76.845933
44.839747
100.169550
107.686258
62.209283
155.914068
115.391375
83.831620
98.304828
58.869003
147.796293
96.996598
101.025986
106.847406
189.381101
64.780603
90.959846
119.591336
93.091889
158.585375
84.217716
127.640284
46.089751
91.064743
42.425613
86.981805
121.473477
106.641710
50.306783
129.100342
15.339120
93.562453
50.715315
48.334880
97.982203
131.949292
94.116037
74.734822
93.186460
42.455201
154.245134
122.822130
21.448801
93.193488
100.735616
96.363705
76.850642
63.307808
48.048629
107.710805
105.434627
125.924629
40.761328
123.250642
30.126935
117.754837
157.590897
47.358077
48.583707
34.479223
85.947485
85.249530
37.723498
138.246700
105.992059
140.516400
124.652255
65.724384
154.361161
100.403783
40.315805
82.764946
48.507012
177.164024
140.677290
80.990728
104.901154
139.806924
126.611164
131.909134
81.051842
84.150354
225.354387
65.642769
80.468048
184.290801
54.646233
82.812470
160.393368
65.340734
102.909268
124.384662
129.158495
35.984544
111.671253
69.267855
-0.049136
97.764939
115.447138
143.201335
50.487485
69.021768
119.728485
65.279750
108.854915
57.249017
93.450079
129.785425
80.508223
150.778796
88.536650
108.563224
5.189850
103.293390
61.608899
96.416750
45.572779
85.130668
103.486226
118.639978
214.751278
90.913169
79.969107
80.817360
87.203953
87.757891
48.824516
108.753431
84.764428
75.022936
30.706395
153.859073
40.357653
91.253266
62.632846
80.701310
158.930368
92.431512
26.808830
35.341457
59.955951
72.381596
71.127462
34.462817
26.423625
180.598495
115.090779
72.351522
66.146520
87.011829
32.902246
118.382081
87.926818
57.099739
43.866929
120.869824
196.038708
87.677447
91.975744
110.936854
19.291594
122.402953
106.255827
88.244264
88.701603
80.258986
101.182216
105.533273
89.956552
34.887668
99.582036
50.529995
86.647497
92.099126
39.923485
113.636370
82.320374
181.845352
131.530929
53.381265
84.204265
78.151751
55.563826
11.897406
145.409518
34.790057
20.228079
75.370284
48.937031
23.098261
145.160709
80.127752
122.464232
77.966982
73.159756
60.472655
107.557918
117.494640
59.622174
96.931097
145.832928
90.556300
104.624621
75.089953
56.872174
74.365820
95.361068
33.750389
174.785225
77.732836
74.939131
85.836865
85.712602
106.425572
109.677850
108.455168
90.505183
24.614343
64.917510
42.758729
65.641903
109.055882
32.803406
99.439105
98.270209
78.359243
48.252860
123.789973
74.089989
64.997362
110.340802
74.001884
11.542359
99.174210
114.575188
22.109941
37.876932
47.855627
165.443603
129.861202
41.401728
33.745781
148.031118
103.317624
24.067006
34.159620
42.574473
100.531120
118.384472
132.504281
-1.257915
61.140534
81.051459
107.072329
51.737319
96.169545
142.949527
141.368033
138.539307
28.410010
17.327734
44.021733
147.691817
55.395649
120.602693
136.467245
70.245478
62.964811
35.256953
4.231425
94.431244
86.954586
41.371190
110.569600
124.884045
-3.148633
68.535870
77.560536
178.877214
45.705088
89.618266
84.533063
46.481341
77.837920
65.618787
115.299895
109.390769
25.634201
78.634294
59.488613
111.507085
65.796962
131.881510
75.970593
163.764778
93.794132
94.053960
101.783764
94.891792
19.555605
47.217822
49.782087
42.782332
185.110231
89.362500
49.208130
138.672041
139.188647
104.742852
157.584504
127.820271
55.324758
95.371213
61.640620
40.522579
92.168360
78.637708
169.172806
-5.431073
133.745774
183.772650
99.752429
99.947893
137.072172
34.140123
110.123823
56.767933
59.439813
88.321827
48.583042
151.280981
38.708753
98.882179
81.645244
11.451916
3.825781
61.318386
14.163978
35.283786
130.996009
154.381687
43.875867
-1.452610
140.505952
25.446265
54.306330
80.755735
93.279257
109.224805
41.072677
48.811106
117.409636
8.149075
160.558444
31.334080
106.711309
65.394054
45.120977
81.021850
51.587861
44.307475
94.421671
86.504154
54.808828
108.110553
28.880567
98.186641
78.181692
98.385529
110.397606
110.248494
132.562113
94.933104
4.025454
71.008067
156.591396
51.311625
81.157755
92.310577
64.642967
157.136318
43.944385
68.377926
89.797205
85.948355
111.239756
79.295914
207.512186
141.042671
178.501135
105.191794
73.858998
62.820528
29.482179
69.740163
87.570053
80.692650
255.805668
91.222884
61.370359
78.174118
121.198404
59.505024
144.001201
101.504880
38.172437
123.166038
134.166044
77.900804
73.191805
117.182850
85.698330
107.312824
114.493722
61.913572
76.392289
100.729584
46.419215
162.861704
71.470156
88.843400
-4.208826
129.533400
176.660528
121.671617
51.718324
-9.027975
6.213522
129.275366
96.018217
112.768515
85.372468
72.403168
117.534403
27.461783
40.091242
103.595459
167.698778
48.308163
205.884686
131.550101
86.388081
27.826398
150.955551
142.519246
93.838009
77.888629
85.273049
101.525083
111.287162
75.186470
38.471848
46.303663
56.834401
24.576363
84.090962
142.696180
31.166279
114.580824
20.361012
12.788989
43.219231
97.977913
58.200236
54.853238
101.283599
123.695452
142.754030
50.885578
166.556728
83.248363
64.543232
43.261952
211.934139
84.876722
148.182427
121.661667
74.460292
79.904651
29.122263
170.311220
77.279212
33.675128
152.009740
102.473819
70.025187
91.342410
-12.853851
161.522592
62.983329
116.538610
72.489274
73.011622
52.525246
73.389964
45.496935
47.053275
183.040322
81.276844
151.593716
47.363791
87.005597
186.787686
81.723106
37.210746
88.618318
114.334646
73.252522
106.007725
75.185530
113.162565
136.063692
51.586644
59.890721
82.470150
26.677595
11.508799
98.113401
23.854435
145.671990
48.170951
81.344178
175.751475
38.390200
127.749472
35.141667
147.499226
143.826280
36.997941
103.819373
116.227763
114.007029
152.520872
203.501647
82.138894
37.856937
152.448148
125.464425
44.337643
90.527415
83.704294
84.674273
91.884972
30.236880
56.857979
97.384114
13.452666
66.375296
33.503496
29.214030
153.122960
126.356252
45.624126
48.789212
61.582798
94.959248
8.343069
83.048117
95.061656
77.170664
155.623944
64.701411
35.054891
86.174843
77.067011
43.083047
51.265536
174.758152
110.760927
30.904054
69.973399
119.955693
146.606877
94.147048
82.362544
136.572544
168.137362
65.098744
39.537351
79.438608
87.542375
96.834651
38.785385
11.042484
112.567503
134.532692
68.971944
30.008556
55.031492
80.113022
92.016771
80.109432
94.099300
72.156695
49.391791
74.261874
113.690397
11.434776
173.990426
34.480191
61.441399
139.160617
160.201702
57.842843
115.581171
188.614801
70.512771
45.956174
108.485491
121.643482
115.384401
117.081560
84.902359
151.450414
51.463773
125.023619
52.495284
93.443151
78.739937
109.664285
129.793309
119.378858
210.609948
115.848506
24.712873
100.495409
120.436570
104.047064
162.529789
47.734497
48.562214
102.921251
106.400655
38.999523
51.174007
95.339538
60.557393
116.404216
113.131245
179.244701
86.040629
70.585571
50.750331
123.842298
41.785332
84.476600
93.630041
132.939624
89.965702
87.306034
89.036901
85.421887
57.686138
110.789405
81.642401
45.927018
111.647836
37.805574
54.207854
56.707829
128.406532
77.265653
68.364058
109.385101
151.563196
48.683074
59.092996
60.213116
88.990069
77.461083
84.416168
25.482268
44.923221
109.744256
145.492468
131.586114
136.682165
105.757611
50.113884
141.790174
125.780176
95.658810
148.263914
176.849861
68.864626
96.079851
94.790674
55.933212
66.472402
70.310889
132.666453
71.149220
50.586427
114.369719
45.810868
40.273557
99.080896
84.306788
76.501831
129.569527
136.543110
125.518610
49.420583
95.813455
90.517820
77.807088
99.330787
143.254806
118.079959
83.512959
63.007982
130.400923
72.854697
47.701833
27.450707
71.310002
15.726391
25.571695
33.820957
214.715825
119.121822
29.532673
64.498157
98.442249
86.605920
95.892781
36.229235
8.231712
148.361943
111.475210
142.284809
122.876737
149.458277
52.934376
99.100489
128.859270
60.837810
104.019267
43.645603
59.268771
92.187611
170.721233
110.877289
51.580227
119.081549
62.634398
103.219033
37.941189
114.592771
118.344866
41.420023
69.734761
74.913168
35.609533
53.133129
6.218842
35.934967
65.258397
127.123802
116.892430
47.288500
123.328391
69.982862
115.058529
74.002845
136.614494
136.049188
99.457493
31.471005
146.136364
94.934281
78.370104
15.584339
129.862423
80.209465
35.657007
59.886354
64.553447
104.964565
67.349810
43.297414
117.127810
95.480670
140.352647
77.444888
109.114704
70.664507
75.981371
47.414633
143.886164
90.960957
54.179202
98.694431
74.415328
117.491641
89.326455
58.997727
22.243835
72.740482
47.616920
115.066091
189.938534
74.513233
105.393036
75.335172
114.363125
104.955590
111.149203
121.117629
57.546031
112.676094
42.283986
82.819538
156.730867
36.278732
16.598951
142.684666
111.759002
84.381297
103.153436
97.555972
195.260260
68.007664
36.819530
120.896157
60.550633
76.447255
78.235690
44.441866
125.006562
78.362440
61.015510
137.455455
33.143104
37.078295
118.609924
103.143031
59.514408
39.104924
63.553833
97.010548
73.293336
111.980964
56.203652
33.051098
162.780180
7.094218
50.208519
49.476496
59.546809
-5.101602
50.622684
19.407558
46.442747
113.522500
56.490774
148.817357
127.324720
71.807056
64.909063
90.828131
120.163791
81.348882
82.421439
91.161253
123.656792
131.158265
65.714705
42.869586
65.089116
104.370715
79.211546
25.229205
137.247385
34.208664
102.390254
27.478163
26.625225
67.974744
93.266164
41.495034
136.171352
151.400284
86.741498
55.368601
71.080382
32.990300
238.378398
87.208858
104.859697
106.966265
64.463062
66.414444
234.249759
36.222686
