2.707070
10.859114
6.909688
15.468915
7.725497
6.150142
9.476457
3.030068
8.470082
8.165043
11.910242
12.021171
10.116812
14.033099
12.079537
15.758737
6.264206
9.507575
8.782974
7.486976
3.124630
5.090710
11.702653
11.852681
5.312204
18.778969
14.890711
7.549078
6.555543
3.623845
10.654482
6.017748
9.382440
14.139466
4.613747
6.668270
5.648986
11.939191
5.422578
9.574845
3.364307
4.914169
12.075140
6.248526
19.723694
11.330659
8.924907
2.583731
7.520300
10.130244
11.982920
11.660858
8.542357
7.054178
16.506005
10.857897
2.205878
10.675431
8.817234
8.731309
8.845905
9.694958
12.034668
8.444052
9.182051
7.449634
7.141442
3.615531
9.217005
10.405458
15.810573
9.325099
19.698116
11.498819
11.181970
10.721355
10.596600
11.117707
14.935084
14.646866
10.814635
20.516680
8.958037
13.879347
4.332669
11.940916
11.689437
11.538967
7.359122
16.199341
14.153237
4.846403
4.901604
18.611458
18.384069
6.287732
7.223702
10.602181
10.617987
4.401299
10.543025
12.024743
11.441866
10.095186
6.620219
11.711639
23.149310
11.106515
10.939219
11.010926
17.434953
7.361119
12.465677
12.959343
11.531644
10.665984
7.352372
8.795162
14.305890
5.792811
14.320067
11.467939
7.160911
14.144445
15.227901
4.918458
14.352156
14.289605
18.767728
8.490438
8.886177
5.360174
14.236671
8.909187
5.827388
3.215148
12.293610
0.740103
8.334277
10.028738
8.249942
9.871753
20.560500
2.462894
4.244309
3.505290
12.339630
3.968097
8.769416
4.977324
5.177693
11.575595
11.555276
2.038373
9.605988
13.335119
5.912643
12.025337
2.104334
3.878466
10.910410
7.799122
6.891388
2.931947
6.999441
14.213233
9.943964
5.269415
6.862212
9.830669
10.630281
8.833302
5.798808
9.829005
16.370033
12.816498
10.300395
8.638770
4.424848
3.864393
3.013433
9.766477
10.696935
7.223178
6.014151
8.610503
8.784247
7.022378
3.606452
2.283974
6.951800
7.150840
16.492898
1.043095
9.744731
5.571220
7.863500
8.252928
17.155139
1.673801
12.524939
14.345270
2.805015
6.494446
2.598831
2.138816
12.378480
14.004504
10.162699
15.077729
10.594717
12.088555
10.574044
11.987844
10.106195
2.164688
8.852830
6.554561
13.380174
10.275366
6.896139
9.240250
7.916557
16.550422
6.971324
8.321456
12.598797
8.072770
7.075130
18.990944
8.079492
13.010662
15.208554
7.370226
5.022966
17.162517
10.975787
14.223851
12.201774
6.290276
9.002461
14.202009
10.982807
16.864412
3.441717
11.227464
3.153573
13.046941
3.362371
14.728203
19.091558
6.074164
11.935677
6.859413
7.500274
0.933622
10.714229
12.654622
8.641102
6.607666
11.226223
18.399353
11.111918
13.306878
8.647507
7.002271
12.670188
15.620084
6.386492
3.374375
13.927794
7.106975
9.733967
11.922633
12.644006
11.812015
6.154429
7.322161
4.122031
6.606489
6.532153
5.268407
15.070781
10.280013
13.617355
4.320640
11.001528
3.460507
-1.332715
7.009273
5.549559
5.415569
9.096836
11.735233
8.731510
17.188409
11.016520
8.956514
9.242088
7.660709
10.328222
9.868847
5.923750
10.020515
6.823867
18.773433
11.881865
4.633813
9.274933
10.013778
9.492010
15.098129
6.054444
6.599801
6.955408
14.428443
14.095873
10.469120
13.756840
7.677929
1.700843
13.543918
4.373374
15.253456
14.469549
11.287742
14.993622
19.228617
9.829354
8.294475
6.512878
4.580686
4.510790
15.888193
6.339972
11.611891
7.365058
11.429117
1.512824
7.107591
6.052186
14.092920
15.872311
9.356221
12.505427
9.395797
11.164863
10.484598
6.712310
8.637388
19.850615
6.436352
9.483311
10.893848
4.639425
24.106489
18.467516
10.969775
7.442485
5.677739
14.446712
8.686835
8.481993
6.494514
5.250827
15.683651
9.323480
8.949370
6.985045
9.587854
2.961670
5.295992
7.825654
15.362745
10.742637
12.684923
7.453326
-1.545759
10.553365
4.808048
5.875347
6.356150
11.091705
7.873145
10.091562
6.441709
14.827275
9.858838
8.110669
11.286542
15.752972
16.190693
15.868680
13.673601
6.887805
8.709331
12.233924
5.439565
5.703839
6.835335
5.355495
7.620511
4.757715
9.746341
2.762151
4.563503
0.894256
20.182046
5.398924
9.934773
7.721172
7.224605
3.379613
4.109309
13.214079
7.974889
9.831986
4.756697
11.973351
12.085160
7.788720
7.880018
4.460755
9.603568
8.465411
7.337457
16.762772
7.359581
11.737511
16.387874
10.796988
13.761130
12.791782
5.496591
3.786445
10.438578
11.737009
13.949598
9.350911
11.535349
8.060479
20.837758
1.415722
12.724408
4.918833
12.256001
7.656236
8.374411
4.301935
17.877502
5.962119
12.052937
11.357721
11.630402
9.541016
12.642200
9.051134
7.891582
9.419381
8.399811
1.719508
12.190334
10.358527
10.057230
1.410250
8.882500
12.503621
10.243234
7.527381
7.099824
8.212768
11.541626
5.407611
14.568554
8.255576
10.644824
7.827552
10.816838
9.814123
17.878047
12.894490
13.867719
5.182638
12.045975
1.957461
6.145572
15.951834
6.616747
6.733666
12.433470
13.621552
6.178463
14.033909
8.355326
1.069345
14.198408
7.187243
3.563138
9.278833
6.853612
16.108674
15.621137
11.071930
5.049686
14.218954
8.700259
5.675351
7.598622
17.152598
11.281262
3.587271
12.122876
9.785258
9.395016
9.096292
3.987070
10.026692
17.092050
12.054368
12.488562
2.173264
4.627840
15.661198
9.840635
8.622322
8.879758
15.296924
5.165839
10.846853
3.661846
4.753947
15.985737
5.084120
14.323818
9.401238
9.377181
13.578465
5.924300
11.036693
13.462784
10.805400
7.497902
5.532073
6.527028
2.540413
5.283946
11.273969
18.289257
10.535776
10.693060
5.583974
4.308885
5.986348
8.135590
3.812753
8.894668
5.617458
13.855015
15.192321
10.045240
20.535741
8.489196
10.043696
8.732996
4.969099
2.898005
10.917597
9.728249
2.269457
13.844345
10.656557
9.135702
11.699937
13.638456
9.574120
5.618918
17.186163
8.859798
18.946540
8.437314
13.394186
9.876534
13.886678
-0.327888
4.272724
10.251698
2.617468
22.518303
11.744542
10.825379
6.842644
8.740005
1.875043
9.487377
13.476647
4.844765
9.217541
10.528847
4.513655
6.546629
14.951843
14.301404
15.510726
8.470813
6.548525
10.906760
15.777047
16.617553
12.776080
3.585185
7.841436
19.139405
9.436449
5.657767
8.919419
8.982360
11.928474
11.406487
5.460086
16.057264
16.387413
13.985337
1.184494
5.611187
16.585402
7.073943
12.847364
7.354030
13.811696
9.059286
10.847692
3.671175
15.322714
4.521431
8.178963
8.231520
11.521991
15.070446
8.791754
11.073761
12.617260
7.866230
15.251769
15.585757
5.186402
15.138993
4.454571
7.379877
10.024917
9.086306
7.185468
5.573415
8.824452
10.149389
4.683923
13.868102
9.752610
6.711050
14.221203
4.895304
3.135994
5.445736
10.720856
7.974866
4.493091
12.990005
9.305957
10.035698
5.333019
15.390615
9.134923
9.994519
4.780624
10.182022
14.439865
14.446091
6.205481
3.523822
10.984491
5.434632
11.810187
7.357489
9.165951
9.580038
11.410373
9.102990
12.404678
3.265370
7.504384
8.067145
18.542101
6.991607
5.082424
16.695513
14.121642
17.389892
7.938418
6.827282
17.143944
12.713192
8.160402
13.135919
8.206836
7.857580
2.512316
8.900780
17.943103
6.651550
8.246829
8.634416
5.788347
11.605999
8.801242
8.971582
10.911789
11.587114
2.656005
3.958433
9.112810
13.137452
17.056234
8.829727
9.712987
4.961671
8.523129
9.433648
11.790771
6.764175
18.996675
21.545647
10.981743
12.949326
12.940053
6.332079
10.478661
1.405992
17.764239
10.448741
13.349026
8.095111
13.410093
7.215888
9.544847
9.933590
2.636150
12.403174
9.251773
15.256102
9.063438
4.492265
10.667334
2.688331
17.158703
8.393644
17.731699
9.078233
7.326928
6.011105
11.820254
9.230853
8.532283
7.198228
9.768570
2.357261
8.865695
6.109895
12.093886
13.215245
4.746659
14.036879
13.571642
8.695498
19.332270
10.391369
12.294422
13.663937
6.907370
2.820984
6.002002
5.454095
19.051227
13.514513
14.378584
4.117376
21.355795
12.621488
6.092291
10.734187
13.249882
3.631911
11.651208
7.976876
11.977423
6.752519
11.552181
17.920899
19.323258
10.611881
9.432832
8.550574
2.241040
6.101923
8.583906
2.604525
9.814060
10.558957
7.898433
21.660968
5.453242
11.095698
8.557989
5.884615
12.112922
2.544592
13.340753
2.608032
8.516239
4.399750
7.921604
5.358755
8.048565
8.704542
19.806341
11.108659
10.815904
16.142278
8.090268
7.696622
4.315225
11.495224
7.038333
11.392495
9.584396
2.088475
3.727028
10.869836
7.747498
14.423809
6.751470
13.028450
12.327999
11.799336
10.798035
9.091325
7.384643
11.332002
4.800346
17.157555
9.457849
9.106106
7.939705
10.850557
6.010849
11.581944
6.444529
6.279812
3.021368
8.295236
4.335020
13.369060
15.885869
9.806046
5.297814
11.146939
12.368893
10.075155
15.267394
12.471644
9.927072
12.318399
3.737717
4.580540
9.957175
3.641822
12.317105
12.756124
6.754858
2.059322
4.963395
8.478388
4.461784
9.674212
16.102870
6.559837
13.895740
4.274319
9.210599
8.124927
9.597696
15.065337
16.146893
0.551508
14.414345
4.895803
4.583982
12.047079
16.474113
9.610869
4.624843
12.625924
3.482315
6.760997
9.787309
16.976762
9.101138
4.637123
16.657780
14.149251
4.502468
4.780412
4.106779
11.365032
13.445871
9.895939
15.917045
6.935133
8.211671
14.705842
5.559300
8.016757
4.845611
17.637588
15.750261
5.468878
6.555552
9.629841
10.748158
9.146422
12.200616
11.822992
8.468628
15.271259
9.829791
6.269812
4.586263
5.624121
12.887940
16.816004
-1.224424
21.374204
9.343715
11.561189
14.999585
14.849514
16.138012
16.575132
17.340765
3.796238
16.276601
16.636341
15.166891
12.291210
10.920652
14.061811
13.412184
14.315357
12.615606
11.275470
6.257939
9.717115
12.544992
8.743514
10.718623
12.098935
10.975678
6.909776
20.502066
16.703201
11.298037
6.047734
9.107654
14.989222
9.977105
8.814840
16.137852
18.913165
-1.370372
3.840239
10.342028
9.075924
11.505636
16.982527
6.993484
16.851837
10.588606
8.411080
8.207523
10.482498
16.777090
9.157411
6.653100
8.277207
7.885329
8.346559
12.029087
8.021373
-0.313485
11.324869
3.497799
9.681292
