9.408279
89.609252
58.871841
51.768969
11.309350
93.031907
142.040770
37.864398
91.657126
121.628943
83.083913
59.342081
32.965009
96.800030
65.475564
87.210440
45.874664
176.226397
58.222422
51.377173
64.944427
67.968038
71.381720
77.747700
2.553366
115.439000
56.160882
71.683334
162.998125
42.726539
89.440954
97.294625
30.579034
62.658790
70.475563
80.079291
99.230782
129.663283
34.153024
80.715111
55.217437
148.974028
19.026301
86.087777
103.684342
46.820022
44.179497
104.071738
208.714972
143.817572
64.736070
48.386436
87.225492
2.052763
209.016658
45.503720
103.358727
100.847622
45.133807
50.175591
65.699393
87.143373
127.994828
25.366140
68.039291
41.660793
54.030388
88.603927
81.529492
68.515712
47.612773
76.687087
79.559317
-8.006682
86.947051
24.941413
132.769424
54.980964
67.952378
33.131234
37.889058
106.642274
66.224718
47.251142
59.659118
163.473111
87.272017
72.118915
18.354352
62.981395
34.111254
72.365869
74.394969
110.126105
18.708613
129.107757
139.303053
42.260476
5.260880
64.692400
46.854445
112.373568
59.900262
174.250194
17.993710
99.815863
52.248629
11.631589
73.478546
103.065931
84.802278
98.797143
45.363394
101.181030
8.769753
116.907414
83.103210
77.690451
96.832813
9.257765
132.325900
123.109992
75.396770
57.795266
8.858118
123.743211
99.657104
21.938551
98.465746
34.234265
81.244891
36.720272
58.216313
88.273868
35.209041
67.707162
55.803440
162.450715
61.721712
63.042828
107.555307
37.106045
59.922243
191.599190
50.749068
52.459878
82.415472
59.252133
105.628790
104.815388
36.249912
55.392442
81.588470
43.265123
54.470865
66.370788
63.098896
42.685363
117.748310
26.883054
80.294869
19.159022
51.857733
31.663711
90.499920
49.428504
34.520180
92.797797
47.298702
29.037885
75.878779
82.281831
162.205067
99.588958
74.338559
27.983644
136.058528
83.561316
57.050426
61.089479
20.471023
79.181028
10.347305
103.755204
44.566290
103.610662
107.115081
82.132000
107.598463
23.037029
89.411750
79.172542
66.875144
72.254123
73.685398
73.243933
97.968043
150.303816
41.396436
122.719055
32.986335
22.961814
107.970756
103.369158
68.980844
104.593967
93.216373
55.984854
103.657726
49.192311
156.343416
11.192810
49.852772
143.454739
8.500172
29.612586
32.888364
111.026469
59.902904
105.843264
106.601939
105.266710
52.830184
69.199103
71.069399
107.454858
82.791888
109.299703
90.117266
38.884172
114.508835
47.277188
13.095765
147.812498
-1.253717
94.635784
46.986184
107.441655
97.438965
9.048043
45.277750
60.159983
60.295531
102.964125
49.119944
40.321377
147.693609
98.596648
140.162054
16.184413
55.621355
1.023752
95.682555
40.049356
184.781123
65.353411
30.851403
104.801909
11.194951
60.012344
0.009696
92.111333
77.358319
66.253154
54.811973
81.448717
44.118306
64.941535
53.177425
-1.979051
128.137325
67.760163
65.926572
133.838408
47.133943
34.395985
148.944532
93.074502
58.104044
81.184382
118.870612
62.400250
55.612070
31.111499
41.193507
104.947374
109.842199
60.885413
99.123310
21.892941
100.953695
97.320724
56.099199
16.636276
47.923788
47.712200
46.537010
137.564467
134.516952
103.092270
73.569486
61.516047
34.581755
86.857056
42.850677
40.190271
104.486508
63.989213
101.100707
82.008272
72.192739
116.851147
61.628238
77.036599
80.621400
89.455330
32.048663
62.934111
78.728794
78.409911
36.080046
117.219146
26.660666
72.190138
80.091915
136.580339
71.914502
93.150305
64.443995
91.772358
0.434522
15.299499
91.899098
47.002036
45.657822
148.731756
47.495339
117.713454
42.325605
53.242370
156.954792
12.680991
55.576108
99.188469
77.699850
89.206534
40.658277
93.906748
96.477870
45.650636
77.974358
2.900960
118.942675
61.480178
42.960267
27.401056
26.762155
12.239312
40.781867
18.800655
30.228658
82.566987
67.315626
39.855516
97.754423
54.339690
75.026175
86.642238
55.246600
118.266618
2.377767
85.577112
25.773046
39.625065
70.033408
57.703287
45.307974
37.485992
59.200830
82.621809
118.741362
51.650675
-2.891806
105.447250
64.078728
27.666414
6.796996
137.450175
114.696467
81.377220
69.233451
65.619007
41.940905
143.759900
54.040356
67.758066
26.973682
54.626263
88.496666
55.904286
65.771808
65.257639
95.101199
117.231480
55.763614
69.365609
122.059420
61.758585
48.167698
44.497089
2.865269
40.267485
28.494644
64.685220
64.454945
84.884898
112.212871
116.889814
68.023171
112.818552
24.560804
92.154752
43.036630
127.611345
80.209742
133.391381
168.084977
48.540550
104.546745
112.954143
48.376471
51.183645
17.226430
35.103465
96.346402
98.384830
85.889559
185.785712
146.906617
90.915870
6.198841
79.239785
119.755882
111.589016
76.141135
76.203454
169.997164
79.040986
17.303738
45.874516
86.080759
48.495573
111.727525
12.835162
62.859257
97.312755
58.302090
117.402199
106.270731
95.546035
53.605913
1.542946
26.887153
144.239505
103.294966
54.668858
17.545575
136.283196
114.231894
95.863931
71.815696
59.419223
54.534638
83.237460
163.557940
101.737016
108.060281
69.918781
116.072350
94.896038
37.129990
42.582581
15.337928
25.231919
75.957158
40.738166
38.747798
58.524029
71.362287
62.939560
78.294441
49.291944
66.868292
18.357805
26.580503
74.553026
26.909723
113.907883
54.551873
54.435225
150.136811
124.167160
24.123398
70.102848
143.186706
112.387448
39.398786
78.076553
73.581527
84.430348
99.887069
72.448168
18.520281
62.414758
26.255439
64.413387
114.820706
57.979660
69.620517
56.881505
61.220365
121.402728
116.979675
14.155881
46.483186
67.523914
116.369319
93.940317
138.624105
12.767110
33.688933
79.246617
139.182152
10.522204
153.108075
86.670737
70.940211
55.842444
148.556032
7.219145
18.604900
130.643454
138.532854
9.200919
9.958717
136.139691
121.659031
171.065681
45.068007
55.942340
131.023024
62.732755
52.627219
108.999012
77.301316
113.300340
93.198631
107.821864
53.488541
136.431737
50.315188
89.919834
94.195447
147.999477
26.806191
73.926018
80.733894
121.682601
50.063496
7.872378
51.458083
157.792275
45.631759
78.964315
48.958985
24.792079
54.565928
86.187597
60.944971
40.007973
109.777768
48.415955
0.789949
14.614182
105.361542
127.111687
71.812392
52.559403
114.973768
79.080239
60.356968
57.175168
95.931184
41.244627
82.124050
58.967312
98.051418
37.814674
47.236467
50.569946
34.009183
64.636641
43.470968
34.119535
97.866203
67.818600
16.748239
1.484516
108.910678
117.196045
133.563191
91.363488
111.660506
67.863759
91.740505
104.963364
43.453637
0.050236
27.614962
66.614805
55.437436
51.451467
93.187363
100.615172
70.272424
42.952093
98.370684
74.430081
68.060267
90.155941
35.468923
68.784860
34.909767
89.463555
68.572082
60.863933
85.069414
70.765612
-0.358894
76.916798
14.584290
69.700244
53.079685
166.996254
126.724254
55.129070
89.429178
40.898653
72.594196
65.306171
140.853872
118.196460
43.176500
23.182170
104.090389
22.259969
80.285262
123.364503
271.657451
43.586575
60.951818
52.825370
91.401220
34.074423
80.282548
72.999680
31.869342
40.007859
139.882618
84.690672
54.725911
39.699115
-0.481187
37.446726
123.350343
97.805040
52.480135
114.115383
37.837468
107.093784
129.508456
127.056650
39.849953
139.712305
9.951242
82.840166
114.087312
87.905306
92.883131
80.870724
54.417692
41.067173
34.696844
71.149455
78.581792
83.553988
56.951507
36.232152
99.378524
38.458452
85.094122
37.940863
109.347870
94.592216
80.636576
43.062995
-1.962192
96.838304
57.033596
87.978153
47.573169
66.292335
69.816627
17.614031
90.425542
121.837671
89.427375
71.333774
93.957092
48.775596
117.650930
107.733962
75.322914
57.488382
31.137331
83.564121
70.182843
113.695198
39.634102
94.443821
81.162762
46.838002
22.336318
32.025353
30.285631
-0.263980
72.719668
84.134961
54.724914
71.292934
45.783069
109.426221
84.058053
105.855369
48.470250
49.484186
177.529681
30.827917
64.106983
22.772401
59.401143
86.230182
76.151148
76.608707
33.551148
39.624552
85.414195
101.206806
59.942903
49.213505
121.281927
25.946629
65.418378
30.567839
57.233607
44.992084
61.612710
86.807454
136.810183
69.566666
53.182545
65.508952
66.304293
94.341822
71.476694
78.474823
63.144775
59.947207
32.352182
74.484648
79.738063
92.836022
17.534925
29.172380
80.797858
84.873300
124.925779
119.802258
109.704193
11.636805
38.067964
31.301213
36.925155
88.026685
105.403490
89.365384
44.336662
79.448336
0.585561
97.755834
17.599053
92.681254
61.938497
42.555427
76.241302
97.432528
8.455834
77.160393
110.289746
67.355261
79.148153
37.202996
81.445762
53.312140
101.886396
59.556685
150.140775
89.854107
49.312453
36.199583
59.372472
56.251551
52.176406
57.283492
71.895564
107.391078
80.621996
39.860842
66.707397
77.094024
30.981571
74.860689
35.263825
41.485678
99.890159
97.221789
103.647568
60.356718
65.191481
139.918658
145.676203
94.944524
109.073079
141.529108
17.109444
102.383308
87.304102
96.475794
133.643995
133.600690
79.222594
50.765700
83.983924
92.096632
80.446499
-2.414510
48.748318
179.421551
58.665173
138.327493
193.091435
63.538984
150.701066
69.101978
53.739413
99.841150
8.799582
188.254122
68.645117
24.269316
81.556661
130.498994
41.417700
40.906584
-2.238853
61.448976
89.174032
90.108601
86.600020
60.875084
40.319979
87.067939
134.255577
90.772718
42.562004
176.790362
84.357050
73.191286
73.061847
40.846187
83.522309
49.879313
159.644150
15.124731
82.549829
95.090606
105.560517
59.051256
88.258206
104.577041
94.213491
34.455899
82.407026
57.289204
19.223207
65.172175
145.954815
104.359533
87.877220
49.318698
98.270667
31.333637
68.390786
150.745938
131.833282
77.206754
80.836560
92.497798
35.996676
81.806214
134.035132
74.439978
75.087156
78.903458
80.954977
97.372505
57.599120
23.982885
70.386452
67.218988
109.956278
87.245204
28.055816
45.872108
109.668666
32.493565
96.318867
63.789070
4.947837
74.067212
50.066904
46.782280
89.155865
53.949706
44.998050
25.582161
63.617095
41.408783
47.971167
64.701406
45.939899
49.691867
59.690018
56.687237
76.752246
36.067372
40.577226
59.732098
47.131945
16.483313
79.793291
116.659957
33.636957
91.084688
78.021304
148.742587
45.307449
53.220427
113.719294
174.489337
88.948480
50.173229
154.262379
76.996897
67.344492
87.265128
42.406826
171.782107
98.067747
116.064091
87.127286
68.845054
55.278994
29.746253
141.247199
15.060690
61.882646
122.361396
44.303004
110.660160
63.658234
162.674366
40.569815
86.224609
16.662100
100.239384
1.398044
90.195839
64.572408
62.743851
