1.950060
-8.274585
-0.408291
-3.176063
12.481655
-6.696636
8.902034
6.220911
-1.193202
-4.668274
14.555149
-5.806426
0.449670
-2.752681
-10.021661
6.305556
2.549603
0.223723
17.756169
19.734232
-2.749144
-4.239107
30.824002
7.814865
1.363359
4.829467
-13.433409
-3.589871
-1.868209
2.535470
9.137323
-7.249525
2.456799
-8.763256
1.999716
23.356177
5.358806
18.528083
7.407460
2.358782
19.310146
4.597871
31.205230
-13.868075
25.890960
-0.890264
-7.949646
1.489141
6.363741
18.721368
-7.950003
3.501836
-6.121788
-5.217471
4.827776
4.127365
-4.593798
2.107191
1.029256
-8.662816
-2.487780
0.631332
-0.134289
-1.202563
1.216841
44.574354
4.919719
9.995678
2.110245
4.955226
-5.136050
12.028588
-9.843308
3.418614
-0.683169
-0.216504
10.141215
2.116809
-17.263249
8.123685
-7.714692
43.792667
1.285879
13.382023
3.492320
-1.169700
-18.214413
-0.017859
9.103239
14.210209
-3.635684
-19.345562
-1.222681
-5.222370
10.737623
9.716463
10.725817
1.960957
1.594867
-24.877867
4.535964
4.314633
-2.250414
0.545231
-5.832925
0.620972
-2.008536
10.895872
-2.738091
-0.998420
0.705507
-3.538691
-6.200840
-4.119544
-6.043708
7.784514
3.071332
5.182375
10.718058
5.491571
-0.993983
1.891020
23.010289
2.824422
-6.025882
-6.695005
-10.114825
4.476059
-4.344937
3.340964
-15.930376
17.634207
2.993379
38.279179
-3.070021
7.691465
16.029843
8.855823
-0.250951
4.411873
-3.657099
-3.008277
-4.101382
-9.683692
17.260847
9.214113
6.592964
0.709105
2.499121
-3.208648
14.660066
7.900150
-1.458919
-9.739298
-12.819571
2.409400
-0.462237
26.260174
4.179793
7.800045
1.249591
2.915080
17.461188
0.464438
9.932729
1.716478
-0.159807
2.429466
4.046120
-6.522573
-10.616233
6.683409
2.188335
7.344000
-3.098460
12.248803
6.719975
-4.683993
7.400348
-3.834166
4.076442
2.811035
11.955855
5.324149
7.815258
-5.234807
0.952946
0.243244
-0.528460
-5.643179
-10.479744
-4.059154
-2.876600
9.844882
-1.150676
-17.257762
15.691107
-1.415933
-4.136089
12.984122
21.133366
-0.130311
-4.413776
6.466074
42.343079
11.393785
13.845163
-1.726192
1.582414
9.595466
1.145965
-1.760655
-7.443150
0.644656
16.011502
-8.812234
24.513686
4.668974
-5.932348
13.504429
59.629524
23.262365
-16.033553
42.137011
-6.320285
8.519164
-2.374614
80.444594
-10.274675
-0.120936
-2.019220
4.346025
2.916645
9.635850
7.779210
18.062316
14.159803
-1.551436
-1.631776
-8.114515
7.393933
2.171950
25.715633
-6.693275
-8.739752
-12.877840
2.863622
5.725915
13.578416
-12.991865
9.175141
35.640619
6.826239
-7.596520
-10.135305
-0.789057
17.044522
25.625136
4.211316
-3.336216
2.874028
-0.199007
14.054648
-8.756404
-1.265755
-7.138003
-17.422255
18.852324
-13.786446
6.134792
-5.249187
11.915687
15.006200
32.947314
-5.295590
-1.194753
-5.351525
34.286252
-7.587923
7.378656
-15.313403
-7.545064
2.587648
-11.193201
-1.205244
7.893006
-11.348221
3.885217
-12.057233
26.403482
-0.196062
4.432452
-0.637194
20.373874
5.034904
0.620776
2.234151
-6.570950
-9.111134
43.150653
-0.312145
-7.711953
10.497133
-2.435279
-11.291160
3.026128
1.908324
7.579007
-6.747799
2.003539
37.001606
17.031902
-9.996108
5.983596
6.995225
1.547510
-11.211464
-0.839186
2.499466
-7.036998
26.054353
-5.999240
16.825323
-8.391850
0.683587
-0.539493
14.535188
-10.861972
-3.409095
0.130740
13.906439
15.903890
1.473277
22.802524
0.740144
4.594899
7.866432
-2.111013
25.584524
0.306950
4.380365
0.534111
12.397363
30.276502
28.465036
-7.885050
-4.694054
-2.748021
16.806774
40.741599
-3.765144
-3.188212
-6.589916
-11.370592
1.777682
-9.277798
1.144523
-0.466941
-4.953637
-2.382535
-3.335428
3.015498
1.963788
4.258933
3.657099
-4.469781
0.770270
-11.477565
0.418271
5.551832
4.290032
5.976702
-6.878139
4.022303
-4.839848
0.491262
16.628702
0.372762
-3.253747
-1.892560
-0.028352
22.013073
-12.547209
10.970442
-1.341438
7.263064
25.560070
12.988082
-5.780784
6.008550
31.377465
1.495457
-5.724297
-3.931002
5.135955
-4.485504
4.184101
-2.628493
6.354779
6.027524
-1.024553
2.298818
11.501094
-6.721549
14.488166
-6.093953
-5.807397
5.283461
12.276003
-3.060972
-3.235763
8.256918
30.660600
6.298975
-4.097931
10.001175
7.580002
-8.133807
-3.699961
-4.380775
5.432336
3.900647
1.536944
-4.038913
7.722251
-3.233225
14.799367
3.498823
2.326241
-18.443823
-13.267221
-8.015468
-7.365966
10.928999
-0.875252
24.911293
24.915364
8.035996
5.202092
5.683279
20.825337
5.178001
-8.339392
1.582082
14.102404
5.997641
-1.271190
-12.624167
-7.812829
-10.875179
1.528569
19.107033
10.782405
3.467452
0.246680
8.665028
5.056823
-9.784174
-6.366443
0.207018
2.402438
3.321983
-5.486310
-6.966643
11.789449
0.432513
-7.220640
45.660492
-4.060137
-3.342036
-5.006302
6.674380
-2.470537
64.185366
-8.749325
3.782798
3.660261
-10.535208
-8.426886
-1.901312
4.255274
1.084181
-3.131861
1.264893
6.902212
3.322230
8.443169
-4.439807
21.586501
-3.559790
-2.220145
6.733735
3.519667
-12.936094
0.560231
25.473776
24.011666
15.847831
4.719894
12.798252
4.916794
-0.921531
-9.378757
5.281401
-11.891696
1.422538
3.932930
0.819135
-0.456905
-6.197038
31.124773
10.030528
-3.662406
0.730439
16.546842
-2.238205
0.560239
-4.862438
6.711769
13.471229
7.358407
34.300377
-0.292630
8.749738
0.460513
3.560215
6.242052
-4.400066
-9.114868
17.256061
5.960021
3.278079
10.028645
-5.819449
-4.474341
4.322082
21.793815
-2.939649
-3.192107
5.417631
5.318664
4.451088
-4.070806
-12.700407
32.827282
-3.033774
6.907391
-3.171547
-2.121141
-7.918823
9.581468
-2.949460
-6.346439
-0.856188
-11.449331
17.137302
5.203885
-3.126648
0.202306
-1.424148
-3.188451
-1.600659
11.179431
4.705171
-1.974991
4.362657
8.727871
-11.367282
-2.784445
3.155512
34.605670
6.945277
-2.724324
7.659333
16.601995
7.472694
15.796107
-7.166119
31.295346
0.488721
1.698871
-11.049628
1.497236
5.532442
6.862164
17.910068
-6.857539
3.082802
2.359442
3.537520
-13.302433
-3.397578
0.373209
-0.986891
20.978486
-5.777940
6.939929
21.752304
9.960474
8.445098
9.423856
-8.136972
-14.290855
-6.693477
-7.924984
34.895096
4.324296
12.836794
2.341751
-9.320012
-12.040560
-8.098863
4.301074
5.078011
-16.005499
2.872805
7.552260
10.385766
7.588839
0.685238
-5.387898
3.713215
-4.283132
-3.009844
-3.534127
3.918395
-1.890734
-2.340729
-4.129222
2.752541
5.666129
14.906600
-0.257716
-1.287335
14.055764
-3.160455
3.533610
12.915850
-2.570835
-2.948723
9.481089
-0.372089
-0.222422
-9.554839
25.642139
-3.296001
-0.339962
2.229446
-3.325403
6.176173
33.695273
0.243717
1.015148
7.881230
-5.233098
-6.984236
0.305150
5.692877
5.180683
6.434964
17.593944
3.294647
5.016809
0.109226
-6.452345
8.056523
-0.167587
-5.359941
30.289689
9.665134
-2.595232
-3.188815
5.835960
4.359167
18.519306
-0.007756
-7.381436
8.863521
5.798802
-10.552121
6.511859
-0.288566
4.433326
5.728033
5.910958
4.225317
2.982825
-10.681570
-15.514473
-4.601687
-2.249660
-0.299160
-4.415208
-2.198355
5.715773
-3.349277
-0.084261
-7.342520
-0.639196
5.569529
-10.364179
-3.826310
-8.890673
1.383020
38.369371
-10.025362
3.301715
19.696911
-0.599892
-12.367589
4.701330
6.805957
45.145127
0.846779
-10.470990
-9.844751
4.969564
8.167905
10.893553
-6.554159
19.547419
3.100972
-1.465382
25.867335
7.751010
-11.053645
52.105180
8.266795
-1.354630
10.565732
-7.053575
9.307090
5.508840
-15.464262
-7.090179
-4.154393
10.715701
-14.013505
11.004845
21.935757
6.853222
8.851734
-11.982204
30.232699
-2.941108
2.215732
-4.024303
0.431135
-6.212054
-1.306486
-1.989489
-2.894184
3.157808
29.177188
-0.427952
4.141090
13.763598
-1.564686
-3.917682
20.067764
-1.038614
5.258332
-9.948204
11.105901
-5.005818
-13.848100
-2.414256
-6.126791
-7.958740
23.587684
-1.251266
7.724417
1.135247
12.698071
-0.986908
21.172098
-3.410651
4.320923
-3.659153
4.941201
11.424210
11.741243
4.898000
-6.252705
23.206925
1.234364
11.118435
3.136214
4.814974
-2.257138
9.132191
-7.856270
0.287128
4.741460
-5.128381
5.043838
3.797143
0.551340
16.526909
3.638341
6.251973
18.822169
6.213414
-9.158236
-5.283234
11.338065
-8.561058
-5.389566
-10.654858
-8.771175
-5.906267
2.867974
-9.404371
9.885058
15.464887
2.305174
2.641869
-2.205681
-1.211538
-12.978816
-2.118382
10.736400
-19.536998
-13.469386
-3.389563
7.224110
-7.724747
10.024302
-4.039368
16.834486
-6.745136
13.372089
1.633028
-3.012157
39.042074
-8.548925
6.942509
3.972577
-7.421471
29.906723
-1.392502
15.769204
5.832292
4.565362
-1.259853
-0.235317
5.868183
-17.413010
-1.923390
-4.666914
5.325595
2.660419
5.749738
-3.429150
-15.218899
-11.300765
-3.164592
-5.120364
3.160949
18.389139
-2.661445
7.931474
1.851843
27.785183
16.181070
16.922303
10.409128
17.635264
-8.217266
13.085509
-2.015680
3.287079
-5.563623
-6.491952
4.210543
-4.880289
-11.777869
33.886725
10.056863
-5.021223
-2.938768
22.541111
54.550122
2.916966
9.077508
-2.782887
-11.951623
18.852481
0.597389
-3.167118
-5.493261
8.044406
-13.966558
-1.355302
12.087815
3.627375
-3.320642
4.837056
5.625849
-17.426211
5.702816
2.051492
-4.165183
-11.296720
1.545956
14.149539
-3.020288
14.240551
-1.831963
4.881192
31.993821
-23.414040
28.673371
9.976753
11.984428
-5.020400
2.872319
-12.078317
18.144357
-5.046957
-13.191731
16.442332
1.791135
10.092481
6.630239
-2.442150
2.307281
6.622266
7.565916
21.775728
7.553876
9.703401
-4.975666
17.720513
34.373504
-6.187076
-6.467909
-1.524185
6.713714
19.278030
-4.635170
-3.270995
-6.420273
14.645330
2.770118
2.494958
32.912757
-14.890022
-5.159398
-1.034189
-2.335602
3.118167
2.460209
22.007195
33.773098
47.662445
4.446799
11.502987
17.208118
-1.508405
35.597577
-5.881788
21.030749
-7.127279
-7.615183
7.967736
0.010096
-1.449931
12.896617
-6.355360
7.934624
-1.585097
2.333190
-1.226560
12.129621
16.872941
1.283497
-7.132775
-10.424765
23.769900
-1.871108
-6.986476
3.396223
7.481891
5.466700
-8.978764
1.679150
-1.065468
27.298840
8.120977
3.512208
-8.688041
-4.888891
3.663143
9.845052
12.885248
5.320919
-4.004215
-1.112841
11.562084
