14.106045
12.609543
3.628656
8.889136
13.581470
6.603672
8.034682
1.108156
1.261988
8.569486
9.832327
20.173407
2.217632
7.856209
6.444387
7.014648
12.571329
8.260213
15.460175
10.718077
13.748751
6.397137
15.192806
8.670639
15.603939
10.465646
10.705319
6.456155
14.855938
7.999140
5.309098
1.469158
12.129930
6.271259
16.304012
16.146750
7.629877
12.434275
1.493133
4.948568
10.619568
7.100462
8.324678
10.227131
7.296989
9.343723
1.795387
15.395372
13.652503
15.580006
9.395241
10.451311
9.339589
11.265156
15.918661
5.867969
17.006807
4.452564
12.305900
11.230812
10.179671
5.864342
7.280366
3.455260
6.036994
11.407312
8.018894
13.118340
15.016954
9.924177
9.118523
7.689455
12.798505
7.909452
7.509649
4.436557
4.243122
7.631227
2.858726
0.336126
14.725347
15.420980
5.518123
11.852042
16.402565
15.452742
5.842736
18.092610
8.982396
10.619454
19.514922
8.972802
11.838281
4.047707
16.066900
7.829930
9.761168
5.912340
4.371457
13.309052
13.425734
12.044668
12.380539
5.014419
9.619616
7.798719
4.367329
7.687998
7.316537
7.900642
11.459573
15.774751
8.701241
8.462523
4.494056
20.091969
16.558727
13.166337
12.345758
13.029439
8.084362
6.521955
9.659386
13.177688
8.539096
19.351388
14.021921
7.276934
10.629911
7.420245
4.549955
10.289877
8.922096
2.673042
8.846753
2.350693
16.397715
5.695831
7.696581
6.690440
9.985918
8.978570
11.785512
7.220907
5.202936
17.452026
10.277575
10.307636
21.230068
9.335281
9.865711
11.644261
5.863523
9.312149
11.838248
7.770024
14.724728
7.581377
11.654838
10.356791
11.087899
11.649447
9.860471
6.999317
7.515024
9.110336
6.709013
6.062375
4.645934
7.565757
19.207236
9.220461
4.367646
4.058237
11.671130
12.663411
14.281833
3.838876
10.941886
19.153242
1.847218
12.003253
17.480143
13.389775
9.453948
9.534501
8.079368
14.460605
9.502297
9.593107
9.290443
6.322803
7.466861
10.772341
9.057884
5.678064
3.118993
14.600698
4.782096
13.749774
13.879635
7.509068
6.730393
10.461560
12.971615
5.313969
9.890744
8.512634
7.734035
12.172921
6.583887
7.592589
16.069198
15.783572
14.270173
11.072789
14.944472
3.824645
3.389404
9.141063
4.563459
10.954748
9.538141
15.361962
13.203408
15.216756
8.688696
8.561057
15.782229
4.671565
13.822924
4.526645
15.960975
9.674838
11.920581
2.552169
9.765782
3.194571
6.519458
3.836070
8.917425
9.265023
10.007619
6.815180
11.144362
14.391052
8.401384
3.274724
4.641358
5.277486
13.778251
11.174842
6.872401
2.132362
11.794797
7.357136
17.869224
7.914513
14.624555
5.088180
12.124017
8.917833
14.378050
8.903609
4.895788
2.043616
12.698333
3.185113
12.779949
8.634756
6.791578
15.103822
11.493429
11.489347
2.871202
13.444349
7.855552
2.619684
8.628581
5.788768
10.250499
4.361858
18.987287
16.208987
9.774873
12.338392
8.224505
6.772448
6.805478
9.247632
6.740090
4.069884
8.634644
8.350097
0.987491
9.220348
12.750969
13.005292
7.183778
9.455813
2.381807
12.879888
8.029133
11.940363
15.941943
14.417423
14.628085
10.709659
4.555544
5.475933
10.028173
11.917547
3.473092
16.530154
12.585157
1.139895
7.831683
3.408931
11.260916
9.582245
13.260471
7.989060
7.718609
11.626766
9.400734
4.886760
19.762999
9.259917
5.927477
10.666647
13.338725
10.783703
10.074470
14.899720
12.541879
17.150872
7.579807
5.318573
9.217309
12.988432
4.268927
5.930403
6.628976
11.753297
16.561472
5.180641
5.620367
11.981419
12.213767
5.895951
11.510220
3.193468
12.328587
8.943835
15.770295
3.619722
8.560255
3.428226
13.235976
15.355550
10.174104
17.064976
11.951247
9.312889
6.581657
3.313413
8.714116
22.621043
10.020624
23.117674
16.489295
11.585851
11.783713
10.690330
1.137217
13.988133
10.278358
6.256249
13.176394
16.715276
3.088969
5.018115
13.494637
15.944744
3.786157
9.979625
14.672784
4.907404
4.503172
4.941980
10.213751
10.239080
4.857124
7.070818
12.997846
11.691125
10.239399
10.736645
7.112972
8.566083
8.549871
8.213980
8.541508
6.313915
14.708080
3.734999
9.321222
2.350061
12.237407
10.413279
5.639759
12.987470
10.133909
13.811884
9.098815
6.271484
8.992245
5.741914
9.530281
4.034003
7.227159
9.585349
12.378294
2.918731
8.361627
14.603391
6.390471
15.199915
9.712947
4.151681
14.962631
1.936611
9.826473
4.969589
10.872051
12.692013
7.224101
13.345729
15.005424
2.553340
2.353796
5.618812
6.184295
4.664010
17.889386
8.601121
10.359328
0.846636
18.717036
5.974662
4.388796
14.540226
5.568561
5.938956
7.431260
5.902467
11.568844
9.340166
16.481448
3.819711
7.703140
8.971306
4.777479
8.059783
9.050892
6.044803
13.234098
18.491722
10.097710
12.315930
7.898685
11.981068
22.631033
5.920862
13.704048
5.175339
15.044412
6.535636
5.475242
9.009478
4.629347
4.334294
4.080642
12.226135
4.750682
5.256622
5.791112
7.336711
14.369439
10.305708
13.472096
12.507067
17.232208
14.061900
19.797147
16.339798
12.391329
7.288914
9.377510
11.493947
5.702691
13.591532
14.219228
15.728974
8.144517
8.505301
12.124426
3.507640
19.187227
5.508925
3.868248
8.051589
18.776977
12.017438
11.922970
14.509585
6.505276
19.495613
13.020859
7.572629
6.791191
5.599538
5.242340
14.024921
14.623447
8.296360
5.150860
14.861177
11.454322
13.660603
10.520377
3.732247
0.479349
10.583637
11.364165
10.246069
8.237670
9.242333
12.322256
3.912371
4.452645
17.296201
9.912961
3.297475
16.749943
14.908338
7.968488
7.405873
14.346195
12.251248
9.280749
6.724522
10.247071
11.035184
17.226528
4.498470
5.318733
0.291567
7.915221
2.656284
5.124764
11.180320
4.161274
9.765721
11.181757
4.778266
5.259662
8.119987
9.590819
18.321685
6.948715
8.125475
15.191247
9.189844
10.567822
8.352667
4.068623
7.544529
13.765109
11.902322
15.259677
9.953562
16.077831
10.324823
1.270063
8.926015
12.247798
2.163620
14.052484
14.558448
11.328539
17.403391
4.695748
22.472663
3.955674
15.048131
13.462027
12.971025
12.265747
10.104678
13.022539
13.448663
21.084740
14.016421
8.811807
7.690598
8.890456
14.359171
10.283773
8.955041
10.857916
19.088765
8.776231
13.123330
13.666314
15.625612
12.839846
11.624302
2.112827
7.061054
7.987398
7.363836
11.212586
7.797137
11.093298
9.699932
9.766467
15.471483
2.388485
13.229377
3.914742
14.678335
13.489491
8.007016
4.761702
12.520556
9.512906
12.897929
13.344787
5.243396
3.147206
14.151219
14.601945
3.281887
10.462225
14.472023
12.216429
13.226117
0.073925
5.653099
10.448296
8.317246
5.576104
4.125752
5.870157
4.845777
17.716426
10.315574
4.892872
4.013290
10.168021
2.699277
12.236747
8.520479
11.378176
14.463227
3.688296
5.053516
14.663101
9.745809
4.221641
7.787989
15.214569
14.196194
10.111616
9.964523
17.870596
5.688628
9.012708
12.708313
18.978672
13.494860
10.793507
3.490955
6.247358
8.471771
7.316171
3.171045
6.329535
9.287500
17.807787
10.626318
9.937833
5.157115
13.704475
6.322031
6.151342
6.588235
15.419976
7.823502
12.612795
16.438070
8.215058
19.843379
1.522892
6.912225
7.482389
11.979649
4.551165
13.365269
7.780860
10.064284
15.709988
10.146159
9.330821
12.537157
11.897919
17.407198
7.089582
4.393313
17.921713
7.965250
5.361822
16.133507
6.507701
8.943457
9.543670
20.739705
7.759615
2.484298
13.117525
6.785145
12.277616
13.073429
9.120464
6.615459
19.440613
12.779376
0.322861
12.175307
9.101589
4.073339
9.669562
11.856919
9.913350
1.466954
3.301717
7.051616
9.142923
7.764368
7.771059
14.039585
13.372748
16.462466
10.686950
12.923668
8.786769
7.903789
8.268680
9.142770
5.136612
18.507898
8.725285
13.184816
4.256163
4.497832
3.447806
16.497053
13.976569
7.881858
6.920578
4.866878
11.067316
8.893580
7.905989
7.913528
5.286234
13.525773
6.750357
13.809205
14.508414
6.756150
9.988077
4.586777
12.154768
11.184602
9.988420
11.370878
11.737032
9.759232
8.405376
11.494610
13.045564
3.198779
12.244384
8.494299
8.745251
13.055600
11.073213
7.313263
7.838166
12.422233
8.893845
6.798232
10.298390
15.117608
9.416088
9.357070
8.626397
12.283876
7.638041
11.969912
13.489043
12.773005
1.557611
9.062818
18.237979
12.267977
6.273211
2.614656
6.595481
14.854684
6.575090
7.962935
15.939223
16.020045
3.870407
9.264966
5.553132
2.624337
6.616959
1.776508
1.715271
10.119651
11.093942
14.555922
13.133619
12.034915
7.541058
16.783474
11.915022
8.023034
11.411159
5.886556
10.208295
9.024947
10.855954
3.001250
15.663513
14.113934
7.676493
11.698996
7.180484
11.674013
13.934860
15.212327
3.623661
5.066065
7.580036
10.735552
2.149604
11.158034
14.152686
9.741856
13.142026
7.479931
11.684169
18.009764
16.452889
6.360763
4.268700
15.938703
6.269814
4.653678
12.539072
11.437883
9.580058
8.674129
5.068496
5.520987
8.606915
4.699217
3.866795
8.596677
15.720235
8.218103
8.705268
12.235737
11.651386
9.369298
4.017717
4.509817
9.320103
9.560645
14.864037
13.782972
9.127614
14.742318
19.308107
14.265217
7.994800
3.457389
5.725135
12.822112
3.275869
13.319697
19.959396
12.348868
11.269362
10.047193
16.332152
14.894753
6.556419
12.888181
6.778712
12.695840
6.600413
6.315045
11.861796
4.377910
5.169331
6.794594
7.704941
13.992423
12.688665
8.838919
10.951074
7.524162
3.413378
10.762741
10.839504
9.340445
16.806846
9.736267
8.580800
9.440294
7.788812
6.530912
7.894154
8.581888
8.920486
7.930864
11.087766
2.840329
11.144281
5.872516
6.207488
13.174803
11.429079
2.727143
21.773415
6.741306
13.931770
1.754948
6.778490
4.269353
4.751032
2.064428
4.283912
9.436050
5.635275
11.900560
5.159099
8.736988
11.906304
11.123466
8.073482
4.163514
10.932519
6.196830
5.213699
16.743400
12.881637
5.538793
6.722207
8.754732
10.616735
1.835323
14.900199
1.772923
9.209267
3.560627
3.003816
14.017899
5.615745
8.692928
12.763952
13.200732
12.606521
4.721880
16.070992
13.312867
14.176464
11.049849
8.073654
16.677066
5.709884
7.203379
18.900229
3.216297
