4.455938
4.139101
24.868292
2.503624
9.200301
6.727322
12.106342
10.083611
8.262651
10.036638
12.186581
10.191380
4.897051
3.077460
13.586851
6.747185
12.972327
7.893473
7.348926
0.531714
9.295430
11.708701
9.904539
11.157511
5.942541
16.228612
12.132127
10.510979
9.374354
10.281141
10.263144
10.564796
5.195478
11.643504
9.019292
15.681623
6.144957
6.858418
9.178874
8.258473
10.283262
5.522838
9.089384
9.425906
12.053431
4.316893
9.309715
8.485962
11.821289
9.993608
16.294410
10.780333
7.790229
10.403441
9.069608
10.286080
8.539393
5.604334
17.389636
5.804881
13.594415
6.306579
2.059894
13.784978
5.843374
4.445288
7.452489
10.405955
10.808940
11.322391
7.831560
4.493315
8.314614
11.100583
7.675898
10.076936
15.660776
12.331143
9.845051
12.400043
4.248373
5.763184
14.322042
3.654821
6.942773
3.541428
6.030442
10.412761
7.467529
9.775078
17.168387
4.074940
11.293008
3.257682
11.267829
16.143717
2.236457
4.572690
6.765942
7.540674
18.570088
9.646178
8.306756
8.687384
5.624959
2.211867
11.504416
11.632130
6.803433
10.584008
14.042686
6.089510
16.492653
6.480835
5.775545
8.909982
8.832632
4.008663
8.973855
3.427146
6.542692
16.957164
8.721575
13.717704
9.662027
5.483035
5.096725
11.559116
9.361427
14.508428
11.453862
4.748121
8.316760
5.986066
4.595995
4.015664
12.634034
13.903629
4.570157
7.722700
13.305642
7.037764
6.036514
9.768681
13.932608
14.216960
10.715384
13.422136
8.153780
16.363424
11.133946
7.124592
10.706372
6.683648
12.236155
5.327448
17.791689
3.765007
9.344250
22.394135
6.714748
3.144273
7.259905
11.206012
6.162005
15.172837
12.873802
18.170551
2.676360
6.027347
7.090559
2.639218
18.700792
12.767628
10.876706
12.658771
13.168143
11.600338
10.141538
7.677680
6.848551
17.842911
8.966964
7.909171
7.661900
13.274431
6.168565
6.431445
4.303111
3.402937
8.711118
17.762097
15.184967
15.438190
8.501551
7.315313
12.064973
13.651045
15.873568
6.400795
3.546702
16.983072
25.394361
12.229087
7.877685
17.661654
12.479759
7.205127
6.383921
9.762600
4.201659
19.059822
11.959523
11.151589
12.605730
5.128984
3.015856
7.220601
7.079225
9.928490
0.213914
14.970252
6.840960
3.632602
6.893904
8.061970
12.610178
5.702797
17.235972
14.105531
3.430251
11.055226
12.770424
4.039553
12.388157
10.401290
1.366555
5.599814
10.998708
9.623794
12.023680
11.291365
26.260086
7.555085
3.473751
3.134517
9.404486
9.426972
12.417699
4.730810
12.925379
15.138651
11.602202
10.780988
13.271619
13.292517
8.414454
12.243585
13.366687
7.646152
3.369445
4.971349
16.111998
5.731050
6.171229
8.634583
21.461146
4.822303
10.572373
18.762026
17.962576
4.073268
9.930174
4.889745
11.266683
4.160868
6.659667
8.190320
11.402435
10.109644
6.636335
7.733490
8.094070
12.400960
6.337729
6.216146
7.589300
8.872437
7.131560
9.467251
4.143180
14.460039
5.935114
8.029056
5.207982
3.166999
9.883220
3.352531
7.770269
4.326163
11.833398
9.634529
11.947498
7.266015
7.178640
9.712628
13.405579
5.681026
16.068021
3.060758
1.324938
15.332479
7.036882
6.773903
9.139000
12.318377
11.888177
12.866670
8.474365
8.984896
11.214515
11.398920
18.261012
7.539360
2.667403
11.608073
3.465589
3.608436
2.834223
3.241714
16.683605
15.758663
4.674598
9.365744
9.352949
9.799777
8.528277
9.781863
5.501710
3.034459
13.721726
7.498489
12.754609
4.809740
9.309680
11.961403
14.301639
10.977822
11.315175
6.232962
7.669525
13.077042
19.039942
3.182518
14.765344
7.262008
11.122794
10.272784
12.348181
19.349952
14.420133
5.464202
6.090934
6.181105
5.040897
12.274305
7.184215
10.444142
9.914166
10.321882
12.096269
11.493344
7.979017
2.559631
9.249936
10.255886
11.551165
7.220346
10.752142
14.374491
11.362196
9.431341
6.337160
4.907561
5.935369
5.630939
8.204744
12.410955
11.115979
10.260738
16.401520
17.796334
11.139473
3.725401
6.643278
4.812120
18.292373
12.140781
13.913542
10.716901
4.860977
5.352538
12.823986
3.585796
9.876615
7.511603
6.806332
13.299310
10.788232
11.412176
5.616063
11.305582
6.392487
7.511124
12.198525
4.979432
11.083473
12.190800
2.117219
10.358233
10.613529
9.482618
4.211388
9.214223
1.238513
18.536035
10.726529
2.227273
12.149900
9.426835
18.080629
3.468453
15.142427
8.187000
11.479218
10.617794
10.038484
16.664940
7.505558
12.697342
5.222761
1.733293
8.340862
5.335169
3.676258
10.520404
5.970316
14.340306
6.336833
4.762949
10.843442
11.690946
4.032002
16.948396
13.602587
4.842798
7.072991
10.655507
11.548141
10.035164
9.702177
7.589120
9.868037
18.262892
11.456720
4.584394
12.988987
8.847468
2.428902
14.240133
14.944282
2.612447
12.762940
10.662999
5.924888
11.442009
2.150687
12.528676
2.278197
10.882873
7.943590
19.308783
19.190641
3.149720
1.744316
18.342097
8.044656
13.024987
10.690361
5.250045
6.181778
10.537978
14.701586
11.028666
15.319071
10.540267
13.337522
10.915247
2.065196
3.955899
12.580431
7.372772
15.876871
15.687026
11.755938
13.773501
10.755067
9.257069
5.905569
7.678579
11.781674
13.244399
14.103364
11.455315
18.122894
11.843630
8.088818
6.938405
12.396615
14.595176
9.912716
13.462299
13.966228
4.019993
11.429029
5.705748
8.383416
9.128447
13.337826
4.545111
16.952848
12.219102
12.298023
-0.429115
2.503110
12.218131
7.208717
17.389457
11.390954
7.420728
15.420453
5.765215
8.248372
14.103149
17.031168
8.114881
16.991400
5.360960
13.093429
6.819814
5.586079
6.015328
11.104557
8.666367
14.006761
1.796685
4.517038
14.127759
15.418828
18.262565
4.469451
7.674563
7.408088
10.172810
9.656631
8.299771
5.104013
13.830603
8.764536
13.431631
11.412952
11.357694
14.492361
10.199339
15.230296
6.018690
16.145592
10.884813
14.032971
10.262350
15.367919
18.836995
5.439026
13.285481
11.899502
5.180994
7.970182
7.657387
4.261935
9.237513
12.970346
12.764360
11.899102
7.386982
3.436563
2.183705
7.700702
0.940573
7.856870
10.476300
6.302010
8.057047
4.000826
10.989097
12.645574
4.698717
11.319761
2.371615
10.393019
10.103134
7.911134
14.389168
3.440522
20.390878
12.643977
2.335973
4.444504
13.538156
16.190415
11.791378
16.721036
13.787944
14.799996
5.932189
5.575946
4.727465
16.396539
14.977103
3.826747
8.180251
13.734213
6.144649
7.020808
9.533326
6.854082
13.594267
5.408342
7.488436
7.726720
3.848376
10.553556
14.342569
20.241854
7.876037
10.288598
13.583261
14.096055
4.238897
7.726645
8.227766
8.628708
7.039651
13.912350
3.461898
13.179158
-2.002597
7.858547
5.412244
9.057455
7.288561
15.570883
3.117335
12.207501
16.498768
13.710348
3.966523
11.984081
5.005876
6.680469
8.732291
20.104430
13.736735
10.039860
13.421182
5.229950
7.970732
7.866244
8.835884
9.307108
10.168354
6.432402
8.978106
14.795216
9.724616
4.001474
17.637346
0.080243
9.890154
6.958887
12.174036
13.263949
6.492277
8.685512
9.759944
9.191288
15.552622
5.329145
4.155086
15.081760
16.787372
9.537956
13.400004
12.329897
14.683825
17.576844
3.886020
5.823425
14.276461
17.117166
9.485350
17.343176
12.244778
12.047188
8.357529
8.652162
6.293891
15.913470
2.514530
8.885803
13.404530
13.720807
17.450925
11.919559
3.891701
10.059318
10.262758
4.272603
10.623451
13.573288
9.046286
14.647997
12.958296
10.258665
13.505586
9.784196
4.039963
7.677880
13.313934
11.350862
17.052811
8.068139
6.312896
10.815606
8.071960
10.981081
11.187889
7.962154
14.270675
7.968546
17.965631
6.448292
6.427792
6.077120
12.109410
11.060236
5.739309
13.826717
10.326129
13.755349
3.149362
5.852426
9.392984
5.102252
11.038942
11.257948
12.376600
8.719273
8.782047
18.518610
10.738976
7.428246
7.310826
4.826866
8.453916
8.604188
13.837239
2.979847
5.101647
7.848206
4.246684
25.824221
4.181293
1.757675
11.033238
19.694471
12.063202
14.155645
11.882811
6.903900
10.187695
9.516194
3.221586
16.454279
11.563552
11.899970
1.411518
15.177669
10.375979
8.108952
8.652295
11.753819
9.433015
20.304618
4.634770
6.957899
9.961726
6.918650
8.427477
10.017568
4.471150
8.057652
9.028768
8.523709
11.303552
9.323811
5.205993
10.918887
5.471561
4.558763
9.437590
4.132410
13.390739
9.920130
9.249622
12.150152
13.849373
9.259961
9.873220
7.698335
5.994755
18.047957
11.488197
12.550621
8.320641
6.011866
11.150137
6.449931
12.138463
1.396845
11.672157
14.934484
8.668511
2.220884
9.508215
11.894838
17.431943
12.774053
9.962902
9.361707
11.512961
11.254103
12.253041
10.001758
4.369634
12.663879
17.313581
7.543603
6.351238
10.880555
6.910273
16.029638
13.288975
8.515799
15.669576
12.039672
7.760793
8.274993
12.338586
0.441913
1.036164
4.887284
13.141039
4.429623
14.723689
11.933088
11.016996
10.298160
2.242171
12.715954
12.334557
8.775314
7.889814
15.049072
8.759765
16.163654
8.743836
6.568426
10.498325
4.270491
8.870900
10.605211
8.567234
8.809588
5.640293
12.753008
0.854952
8.679469
8.359941
5.990562
15.787264
12.936839
14.991837
14.520728
9.109527
12.339110
7.276670
11.423592
14.514740
5.991231
7.343253
21.983700
6.534393
7.802052
14.114446
14.556207
10.979687
9.430499
11.511786
0.830060
6.328273
12.558257
13.886291
2.498268
4.344276
15.639029
6.641882
13.885352
13.732655
10.261100
17.306594
7.299294
2.563927
13.548579
7.660439
12.462848
13.415321
4.644666
5.661022
10.246703
3.708736
10.007001
11.457970
12.242628
9.821354
13.383585
6.813755
12.583979
5.760539
3.785749
6.635990
8.165843
9.968822
14.418230
6.666992
7.758020
13.027491
4.417461
8.109895
6.328072
10.323833
5.352354
15.442051
14.040843
11.307061
12.213074
7.102078
10.889056
10.385958
5.463759
11.632609
5.807608
7.053821
11.749848
9.029843
8.378120
9.077042
6.607767
6.833296
12.809094
4.680087
8.238163
10.072284
11.998851
16.500257
8.372441
7.677670
12.864778
8.048021
16.668340
8.118484
10.877968
3.351529
9.683945
16.013149
7.513499
14.023198
9.995660
7.380028
6.600391
9.897800
